,House ID,bathrooms,bedrooms,blessings,builder,capital_distance,dateb,dining_rooms,dock_distance,farm,garden,holy_tree,king_visited,knights_house_distance,location,market_distance,renovation,river_distance,sorceror_cursed,tower_distance
1026,1848889393.0,3.0,2.0,96.0,8.0,63.936036,-1.0,3.0,105.449712,1.0,0.0,1.0,0.0,74.374435,-1.0,25.687517,-1.0,32.971288,1.0,124.65638
6147,1848889399.0,2.0,4.0,143.0,3.0,16.64888,-1.0,2.0,10.028074,2.0,0.0,1.0,0.0,26.829076,3.0,-1.0,1.0,53.604283,1.0,148.90642
1040,1848889405.0,3.0,3.0,151.0,6.0,8.799759,-1.0,-1.0,46.697442,1.0,-1.0,1.0,0.0,19.695117,4.0,33.37457,0.0,7.347228,-1.0,118.027166
6148,1848889411.0,3.0,2.0,151.0,3.0,8.831161,-1.0,2.0,9.797009,2.0,0.0,-1.0,0.0,19.754366,3.0,9.624204,-1.0,24.799455,1.0,123.956946
965,1848889413.0,2.0,3.0,127.0,5.0,32.903303,-1.0,3.0,51.3719,1.0,-1.0,1.0,0.0,43.394001,3.0,-1.0,1.0,5.552861,1.0,86.886693
6149,1848889417.0,2.0,2.0,108.0,3.0,51.848417,-1.0,4.0,29.824765,1.0,0.0,0.0,0.0,62.725473,-1.0,23.007202,0.0,20.721687,0.0,63.369694
6150,1848889421.0,2.0,2.0,113.0,3.0,47.098394,-1.0,2.0,31.737892,1.0,0.0,1.0,0.0,57.670889,3.0,41.647926,0.0,1.551319,1.0,76.754042
1074,1848889425.0,4.0,2.0,94.0,1.0,66.36172,-1.0,3.0,13.943795,1.0,0.0,1.0,0.0,76.513349,-1.0,17.472071,0.0,78.604543,1.0,54.192768
6151,1848889427.0,3.0,3.0,90.0,3.0,69.996626,-1.0,2.0,23.340074,1.0,0.0,1.0,0.0,80.100069,3.0,144.284363,0.0,36.137882,1.0,19.646201
6152,1848889429.0,3.0,3.0,78.0,3.0,81.504617,-1.0,2.0,24.864534,1.0,0.0,-1.0,0.0,91.716362,3.0,7.256853,0.0,4.489005,1.0,87.784779
1148,1848889435.0,3.0,2.0,89.0,-1.0,70.629417,-1.0,4.0,56.076117,0.0,1.0,-1.0,1.0,80.703305,1.0,23.505534,0.0,34.602744,1.0,112.628583
1041,1848889439.0,2.0,4.0,68.0,6.0,92.062769,-1.0,-1.0,75.526194,2.0,0.0,1.0,0.0,102.206664,2.0,17.502729,-1.0,8.725384,0.0,27.60508
6153,1848889442.0,2.0,4.0,131.0,3.0,28.979986,-1.0,2.0,28.099981,2.0,0.0,1.0,0.0,39.791477,2.0,9.631617,0.0,76.731214,1.0,70.14495
1042,1848889445.0,4.0,4.0,156.0,6.0,3.568472,-1.0,2.0,67.129268,2.0,0.0,1.0,0.0,14.462565,4.0,21.059359,1.0,6.367398,1.0,103.032488
6154,1848889447.0,4.0,2.0,137.0,3.0,22.968255,-1.0,4.0,83.371135,1.0,0.0,1.0,0.0,33.203494,3.0,114.625375,0.0,16.42052,1.0,45.847144
6155,1848889451.0,3.0,2.0,153.0,3.0,6.760461,-1.0,-1.0,66.589529,1.0,0.0,-1.0,0.0,17.548513,3.0,139.326791,0.0,17.13241,1.0,84.306716
1027,1848889457.0,3.0,3.0,144.0,8.0,15.798607,-1.0,2.0,74.87872,1.0,0.0,1.0,0.0,26.498172,4.0,10.766266,0.0,32.40384,1.0,146.599966
6156,1848889461.0,4.0,4.0,92.0,3.0,68.0946,-1.0,-1.0,42.857214,1.0,0.0,1.0,0.0,78.868833,3.0,57.524676,0.0,38.351776,1.0,105.024039
6157,1848889466.0,4.0,4.0,113.0,3.0,46.999723,-1.0,2.0,45.061398,2.0,0.0,1.0,0.0,57.954134,3.0,29.026486,1.0,24.80413,1.0,92.578404
1060,1848889472.0,2.0,4.0,44.0,9.0,115.810277,-1.0,4.0,-1.0,1.0,0.0,1.0,0.0,126.743805,2.0,5.413229,0.0,9.849196,1.0,39.648352
1032,1848889475.0,4.0,3.0,140.0,7.0,20.222058,-1.0,3.0,73.103612,1.0,0.0,-1.0,0.0,31.036231,2.0,34.296307,0.0,40.821637,-1.0,142.661669
1149,1848889481.0,4.0,3.0,94.0,-1.0,66.124309,-1.0,3.0,69.529218,1.0,0.0,1.0,0.0,76.405247,4.0,105.757839,0.0,3.224149,1.0,-1.0
966,1848889483.0,2.0,3.0,135.0,5.0,25.492765,-1.0,2.0,13.084063,2.0,0.0,1.0,0.0,35.509097,3.0,54.429163,-1.0,18.511897,1.0,7.112783
1150,1848889486.0,4.0,3.0,102.0,-1.0,58.394792,-1.0,2.0,29.152561,1.0,0.0,0.0,0.0,69.309272,1.0,61.857066,1.0,17.812789,0.0,184.127814
6158,1848889488.0,3.0,3.0,109.0,3.0,50.568547,-1.0,3.0,16.84755,2.0,0.0,1.0,0.0,60.614424,1.0,25.491232,0.0,30.543422,1.0,126.579004
6159,1848889493.0,3.0,3.0,131.0,3.0,29.227731,-1.0,4.0,41.181731,1.0,0.0,-1.0,0.0,39.894789,3.0,4.880599,0.0,6.813766,1.0,39.739817
1151,1848889496.0,4.0,4.0,106.0,-1.0,54.402679,-1.0,3.0,115.681407,2.0,0.0,1.0,0.0,65.003227,2.0,131.142988,0.0,10.409406,1.0,44.79797
6160,1848889498.0,2.0,3.0,71.0,3.0,89.446373,-1.0,4.0,40.225329,2.0,0.0,1.0,0.0,100.049111,1.0,28.691723,0.0,45.807497,1.0,128.964924
1061,1848889501.0,4.0,3.0,136.0,9.0,24.281135,-1.0,3.0,37.629461,1.0,0.0,1.0,0.0,34.798387,4.0,52.639611,-1.0,50.30538,1.0,71.211312
1034,1848889504.0,3.0,3.0,144.0,2.0,16.248239,-1.0,2.0,114.282438,1.0,-1.0,1.0,0.0,26.326298,1.0,-1.0,0.0,56.228522,1.0,6.28929
1033,1848889509.0,3.0,3.0,54.0,7.0,105.82779,-1.0,4.0,58.995143,2.0,0.0,1.0,0.0,116.780022,4.0,68.804718,1.0,68.278216,1.0,26.659689
1028,1848889512.0,4.0,2.0,115.0,8.0,45.424667,-1.0,-1.0,7.908985,1.0,0.0,1.0,0.0,55.851717,3.0,46.586786,1.0,14.2677,1.0,18.517463
1035,1848889516.0,4.0,4.0,133.0,2.0,26.703482,-1.0,4.0,20.008118,1.0,0.0,1.0,0.0,37.238932,1.0,29.257081,0.0,25.065458,1.0,88.512917
1062,1848889521.0,4.0,2.0,128.0,9.0,32.237555,-1.0,4.0,42.812613,1.0,0.0,1.0,0.0,42.772328,1.0,-1.0,-1.0,18.578298,1.0,95.149087
1152,1848889525.0,2.0,2.0,88.0,-1.0,72.210461,-1.0,2.0,36.696411,1.0,0.0,-1.0,0.0,83.032732,3.0,-1.0,1.0,36.91456,1.0,108.171836
1153,1848889530.0,2.0,4.0,152.0,-1.0,7.698308,-1.0,2.0,38.947165,1.0,0.0,1.0,0.0,17.968197,2.0,18.757557,0.0,65.390078,1.0,75.214696
967,1848889532.0,2.0,4.0,91.0,5.0,68.8399,-1.0,2.0,23.99824,1.0,0.0,1.0,0.0,79.095607,2.0,2.352913,0.0,25.040803,1.0,100.1033
6161,1848889538.0,3.0,4.0,132.0,3.0,27.616644,-1.0,2.0,26.261986,2.0,0.0,0.0,0.0,38.04196,-1.0,37.34563,0.0,18.397436,0.0,112.98547
1154,1848889542.0,3.0,2.0,78.0,-1.0,81.710713,-1.0,4.0,19.550573,1.0,0.0,1.0,0.0,91.836533,3.0,12.705826,0.0,11.80233,-1.0,7.13131
1034,1848889548.0,4.0,3.0,155.0,7.0,5.400167,-1.0,3.0,134.108136,2.0,0.0,1.0,0.0,15.98404,3.0,10.790249,-1.0,2.308475,1.0,243.350252
1035,1848889553.0,4.0,2.0,148.0,7.0,11.922081,-1.0,3.0,30.503735,1.0,0.0,-1.0,0.0,22.895095,1.0,88.576843,0.0,7.550665,1.0,66.707833
1155,1848889555.0,2.0,4.0,157.0,-1.0,2.634428,-1.0,3.0,5.393299,1.0,0.0,0.0,0.0,12.860864,4.0,91.599431,0.0,25.604376,0.0,65.635244
1036,1848889557.0,4.0,4.0,135.0,2.0,25.158018,-1.0,4.0,85.556749,1.0,0.0,1.0,0.0,36.002178,2.0,22.384445,1.0,32.657511,1.0,29.281062
1037,1848889559.0,4.0,2.0,45.0,2.0,115.362031,-1.0,4.0,21.199886,1.0,0.0,-1.0,0.0,125.44215,1.0,125.776549,0.0,7.33735,-1.0,172.013588
6162,1848889564.0,4.0,3.0,153.0,3.0,7.35114,-1.0,3.0,52.407601,1.0,0.0,1.0,0.0,17.655605,3.0,49.419284,1.0,28.013973,1.0,30.475065
1075,1848889568.0,2.0,2.0,91.0,1.0,69.493909,-1.0,2.0,54.614026,1.0,0.0,0.0,0.0,79.935506,3.0,51.70236,1.0,4.314068,0.0,175.727267
6163,1848889570.0,4.0,2.0,142.0,3.0,18.304491,-1.0,2.0,28.377996,1.0,0.0,1.0,0.0,28.317635,-1.0,120.698937,0.0,24.422915,1.0,103.790441
1038,1848889572.0,4.0,3.0,144.0,2.0,16.100984,-1.0,2.0,6.603122,0.0,1.0,1.0,1.0,27.001338,4.0,66.490529,1.0,76.013761,1.0,61.110904
979,1848889574.0,2.0,3.0,117.0,4.0,43.059374,-1.0,2.0,93.803691,2.0,0.0,1.0,0.0,53.998023,3.0,43.313498,1.0,11.561926,1.0,141.905865
1036,1848889578.0,3.0,2.0,84.0,7.0,75.831841,-1.0,2.0,-1.0,2.0,0.0,1.0,0.0,85.847118,3.0,40.682798,1.0,14.025596,1.0,78.153722
6164,1848889582.0,2.0,2.0,155.0,3.0,4.886112,-1.0,4.0,79.047565,1.0,-1.0,-1.0,0.0,15.145835,4.0,32.081951,0.0,54.324642,1.0,207.620814
6165,1848889588.0,3.0,4.0,74.0,3.0,-1.0,-1.0,-1.0,72.639833,0.0,1.0,0.0,1.0,-1.0,2.0,38.87736,0.0,31.830754,0.0,116.440115
6166,1848889592.0,4.0,3.0,74.0,3.0,-1.0,-1.0,4.0,36.895206,1.0,-1.0,1.0,0.0,-1.0,3.0,24.415511,1.0,63.415708,1.0,67.665087
6167,1848889597.0,4.0,3.0,147.0,3.0,12.908838,-1.0,4.0,81.465357,0.0,1.0,1.0,1.0,23.132456,3.0,33.940449,0.0,3.774969,1.0,121.852521
995,1848889600.0,3.0,3.0,89.0,0.0,71.266215,-1.0,2.0,65.357275,2.0,0.0,0.0,0.0,81.784667,4.0,41.868925,0.0,26.635761,0.0,117.293554
1043,1848889603.0,3.0,2.0,81.0,6.0,79.218689,-1.0,3.0,1.795562,1.0,-1.0,1.0,0.0,89.536705,3.0,25.983214,1.0,44.735794,-1.0,138.380976
1076,1848889608.0,3.0,2.0,106.0,1.0,53.516658,-1.0,3.0,-1.0,1.0,-1.0,0.0,0.0,64.482333,-1.0,69.358851,1.0,35.269996,0.0,205.988813
1039,1848889611.0,4.0,4.0,148.0,2.0,12.174339,-1.0,3.0,89.529319,1.0,0.0,1.0,0.0,22.225156,4.0,16.215276,0.0,50.750686,1.0,38.863538
6168,1848889616.0,2.0,3.0,95.0,3.0,65.406715,-1.0,2.0,37.902664,1.0,0.0,-1.0,0.0,76.091676,1.0,-1.0,0.0,26.793455,0.0,88.822396
1044,1848889618.0,4.0,2.0,86.0,6.0,73.562218,-1.0,-1.0,-1.0,1.0,0.0,1.0,0.0,83.751029,1.0,100.748759,-1.0,43.136562,1.0,121.985576
6169,1848889623.0,2.0,3.0,148.0,3.0,12.176238,-1.0,4.0,16.766242,1.0,0.0,1.0,0.0,23.100357,2.0,-1.0,0.0,29.133883,1.0,6.920548
1040,1848889628.0,2.0,2.0,160.0,2.0,0.085344,-1.0,4.0,60.289274,1.0,0.0,1.0,0.0,10.970833,3.0,64.930977,1.0,26.320142,1.0,27.051418
996,1848889634.0,2.0,2.0,144.0,0.0,16.226292,-1.0,4.0,127.874014,1.0,-1.0,-1.0,0.0,26.960801,2.0,109.037986,0.0,40.455569,1.0,66.976328
1156,1848889639.0,4.0,3.0,57.0,-1.0,103.418045,-1.0,3.0,37.222251,1.0,0.0,1.0,0.0,114.256597,3.0,60.439496,0.0,9.144599,1.0,74.521115
1029,1848889644.0,3.0,2.0,131.0,8.0,29.054747,-1.0,4.0,32.19154,1.0,0.0,1.0,0.0,39.64652,1.0,56.105555,0.0,21.426996,1.0,123.287635
1041,1848889648.0,3.0,4.0,85.0,2.0,75.173874,-1.0,-1.0,43.012413,1.0,0.0,1.0,0.0,86.164344,4.0,19.525657,0.0,8.910153,1.0,184.643291
6170,1848889654.0,2.0,3.0,155.0,3.0,4.830781,-1.0,3.0,29.527685,2.0,0.0,0.0,0.0,15.075503,3.0,3.985574,0.0,31.377713,0.0,105.039435
1037,1848889658.0,2.0,3.0,140.0,7.0,19.92623,-1.0,3.0,11.887798,1.0,0.0,1.0,0.0,30.624471,4.0,67.07484,1.0,19.741223,1.0,42.994134
980,1848889662.0,2.0,3.0,147.0,4.0,13.153846,-1.0,2.0,13.118018,1.0,0.0,1.0,0.0,23.576082,3.0,51.070502,-1.0,4.062168,-1.0,266.759066
1030,1848889665.0,4.0,3.0,104.0,8.0,56.05333,-1.0,3.0,-1.0,1.0,0.0,1.0,0.0,66.177401,3.0,15.769978,0.0,9.593385,1.0,115.842893
6171,1848889671.0,-1.0,4.0,128.0,3.0,31.97033,-1.0,2.0,49.943173,1.0,0.0,1.0,0.0,42.00605,3.0,-1.0,0.0,22.620425,1.0,90.088389
968,1848889675.0,2.0,2.0,149.0,5.0,10.980305,-1.0,4.0,-1.0,1.0,0.0,-1.0,0.0,21.808934,2.0,33.023107,0.0,35.898829,1.0,64.736741
1042,1848889678.0,3.0,3.0,31.0,2.0,128.651469,-1.0,3.0,15.253254,1.0,-1.0,1.0,0.0,138.726477,2.0,12.860938,1.0,16.916161,1.0,0.428775
6172,1848889681.0,3.0,3.0,64.0,3.0,96.326945,-1.0,2.0,101.591664,1.0,0.0,-1.0,0.0,106.812901,4.0,35.842683,1.0,66.947121,1.0,80.705541
6173,1848889684.0,4.0,4.0,128.0,3.0,31.552725,-1.0,2.0,50.468986,1.0,-1.0,-1.0,0.0,42.427169,3.0,84.235442,0.0,0.59674,1.0,90.217177
1038,1848889689.0,3.0,2.0,138.0,7.0,21.95544,-1.0,-1.0,30.286336,0.0,1.0,1.0,1.0,32.459746,1.0,101.778106,1.0,5.26647,1.0,138.481021
1043,1848889695.0,4.0,2.0,151.0,2.0,8.692175,-1.0,3.0,92.40504,2.0,0.0,1.0,0.0,18.909562,3.0,25.88029,0.0,53.524294,1.0,100.749038
6174,1848889698.0,3.0,3.0,131.0,3.0,29.161248,-1.0,2.0,14.433574,2.0,0.0,-1.0,0.0,40.103609,1.0,89.499208,0.0,5.573345,1.0,218.871187
981,1848889704.0,4.0,4.0,93.0,4.0,67.443155,-1.0,4.0,16.767481,1.0,0.0,1.0,0.0,77.783706,3.0,71.886653,0.0,20.354619,1.0,15.846955
6175,1848889709.0,3.0,3.0,66.0,3.0,94.450104,-1.0,4.0,65.962597,2.0,0.0,-1.0,0.0,104.552686,4.0,7.696065,0.0,7.229803,1.0,57.788145
1077,1848889711.0,4.0,2.0,159.0,1.0,1.110726,-1.0,2.0,62.951923,1.0,0.0,1.0,0.0,11.346422,2.0,27.481924,0.0,89.197021,1.0,85.75804
1157,1848889714.0,4.0,4.0,156.0,-1.0,3.929156,-1.0,4.0,51.659021,1.0,0.0,1.0,0.0,14.648563,2.0,113.892005,0.0,38.058447,1.0,15.678307
1031,1848889717.0,4.0,3.0,121.0,8.0,38.944123,-1.0,2.0,73.375021,1.0,0.0,-1.0,0.0,49.077396,4.0,85.950163,0.0,8.9952,1.0,160.780353
6176,1848889723.0,4.0,2.0,34.0,3.0,126.434316,-1.0,3.0,12.460335,0.0,1.0,1.0,1.0,137.308183,3.0,113.629192,0.0,20.845268,1.0,108.977321
6177,1848889729.0,3.0,4.0,128.0,3.0,32.442607,-1.0,2.0,27.28908,1.0,0.0,-1.0,0.0,42.827844,1.0,18.257166,0.0,2.545846,0.0,26.991506
1158,1848889732.0,4.0,2.0,156.0,-1.0,3.654449,-1.0,-1.0,-1.0,1.0,-1.0,-1.0,0.0,14.040727,2.0,51.938655,0.0,26.807028,1.0,133.73986
6178,1848889734.0,2.0,2.0,121.0,3.0,39.083075,-1.0,4.0,22.714211,1.0,0.0,1.0,0.0,49.528007,3.0,62.924378,1.0,20.234958,1.0,117.775163
1044,1848889739.0,3.0,2.0,155.0,2.0,5.33039,-1.0,3.0,16.213236,2.0,0.0,1.0,0.0,15.357996,3.0,51.369228,0.0,18.212982,1.0,147.966999
1045,1848889745.0,3.0,2.0,128.0,6.0,31.633194,-1.0,2.0,132.911051,1.0,0.0,1.0,0.0,42.390998,1.0,53.700056,0.0,20.076431,1.0,195.378571
1159,1848889747.0,2.0,2.0,140.0,-1.0,19.777921,-1.0,2.0,72.681166,1.0,0.0,1.0,0.0,30.427807,3.0,5.48811,-1.0,8.808007,1.0,205.065783
6179,1848889751.0,4.0,2.0,143.0,3.0,16.961296,-1.0,4.0,40.854572,1.0,0.0,1.0,0.0,27.559696,3.0,64.071778,0.0,19.190536,1.0,92.570466
997,1848889755.0,2.0,3.0,146.0,0.0,13.56673,-1.0,3.0,27.249271,1.0,0.0,1.0,0.0,23.586369,3.0,45.755688,0.0,25.354536,1.0,47.35149
1045,1848889759.0,2.0,3.0,138.0,2.0,22.105106,-1.0,3.0,66.177034,0.0,1.0,-1.0,1.0,32.135683,1.0,108.021845,0.0,0.762567,1.0,73.511536
6180,1848889763.0,2.0,3.0,119.0,3.0,40.527687,-1.0,3.0,55.973385,1.0,0.0,-1.0,0.0,50.765239,2.0,12.336752,0.0,17.503748,1.0,102.992095
982,1848889767.0,2.0,2.0,109.0,4.0,51.171199,-1.0,4.0,84.50553,1.0,0.0,-1.0,0.0,61.644423,3.0,70.07889,-1.0,35.802249,0.0,101.761061
1063,1848889773.0,3.0,2.0,145.0,9.0,15.146105,-1.0,2.0,62.325616,2.0,0.0,1.0,0.0,25.170855,4.0,73.637514,1.0,68.290076,1.0,158.086429
1078,1848889777.0,2.0,2.0,130.0,1.0,29.990557,-1.0,3.0,-1.0,1.0,0.0,1.0,0.0,40.817066,4.0,83.585774,1.0,44.158432,1.0,-1.0
1046,1848889781.0,3.0,2.0,118.0,2.0,41.53983,-1.0,3.0,4.455559,1.0,0.0,1.0,0.0,51.71943,4.0,22.105092,1.0,2.88659,1.0,69.586093
6181,1848889785.0,4.0,3.0,100.0,3.0,59.858958,-1.0,3.0,3.974633,2.0,0.0,0.0,0.0,70.191749,2.0,38.537496,0.0,9.932216,0.0,85.217958
1047,1848889787.0,2.0,4.0,134.0,2.0,26.036666,-1.0,2.0,9.86649,1.0,0.0,1.0,0.0,36.844913,3.0,40.303618,0.0,67.736029,1.0,151.339068
969,1848889791.0,-1.0,2.0,91.0,5.0,68.746484,-1.0,2.0,43.173988,1.0,0.0,1.0,0.0,79.313084,3.0,42.839085,0.0,21.86617,1.0,37.679396
6182,1848889796.0,2.0,2.0,158.0,3.0,1.607213,-1.0,2.0,105.436018,1.0,0.0,1.0,0.0,11.768122,3.0,44.492904,0.0,44.048777,1.0,57.972457
1039,1848889799.0,2.0,-1.0,151.0,7.0,8.859065,-1.0,2.0,2.549407,1.0,0.0,1.0,0.0,18.991239,1.0,63.313338,0.0,26.196826,1.0,79.156073
6183,1848889803.0,4.0,3.0,150.0,3.0,9.881531,-1.0,4.0,13.871342,2.0,-1.0,1.0,0.0,20.240825,2.0,39.721429,0.0,44.394057,1.0,167.930475
6184,1848889805.0,4.0,4.0,102.0,3.0,58.08646,-1.0,4.0,9.608233,0.0,1.0,0.0,1.0,69.030002,4.0,43.648895,0.0,22.181644,0.0,142.24882
983,1848889811.0,3.0,4.0,121.0,4.0,38.790347,-1.0,2.0,17.523033,1.0,0.0,-1.0,0.0,49.531907,1.0,23.914032,0.0,26.988075,1.0,152.753548
6185,1848889817.0,4.0,2.0,128.0,3.0,31.910688,-1.0,4.0,12.8325,0.0,1.0,1.0,1.0,42.47584,3.0,32.293068,0.0,9.377031,1.0,65.660312
1032,1848889821.0,2.0,3.0,109.0,8.0,51.030448,-1.0,3.0,148.737308,1.0,0.0,0.0,0.0,61.713628,3.0,12.902767,0.0,10.402316,0.0,178.606723
1160,1848889825.0,2.0,3.0,140.0,-1.0,20.302949,-1.0,2.0,14.897322,0.0,1.0,1.0,1.0,30.608338,4.0,13.377482,-1.0,46.800491,1.0,100.043615
6186,1848889827.0,4.0,4.0,40.0,3.0,120.245762,-1.0,2.0,16.779287,1.0,0.0,1.0,0.0,130.351475,3.0,60.273191,0.0,13.132008,-1.0,135.778833
6187,1848889832.0,3.0,2.0,132.0,3.0,27.640423,-1.0,3.0,55.709059,1.0,0.0,-1.0,0.0,37.986302,1.0,60.966851,0.0,21.048156,1.0,104.977898
6188,1848889836.0,2.0,4.0,101.0,3.0,59.390569,-1.0,3.0,55.260626,1.0,0.0,1.0,0.0,69.630085,1.0,57.782914,0.0,38.738694,-1.0,52.997296
6189,1848889842.0,4.0,4.0,138.0,3.0,22.416703,-1.0,2.0,101.248745,2.0,0.0,1.0,0.0,33.087819,3.0,31.722179,0.0,88.961518,1.0,183.924278
6190,1848889846.0,4.0,4.0,74.0,3.0,-1.0,-1.0,4.0,-1.0,1.0,0.0,1.0,0.0,-1.0,1.0,-1.0,0.0,62.123366,1.0,92.331154
6191,1848889850.0,2.0,2.0,74.0,3.0,-1.0,-1.0,4.0,32.041493,2.0,0.0,1.0,0.0,-1.0,3.0,31.477448,1.0,25.913028,1.0,190.390261
1161,1848889855.0,3.0,3.0,156.0,-1.0,3.588335,-1.0,-1.0,66.738458,1.0,0.0,1.0,0.0,14.443588,3.0,75.551462,0.0,48.643204,1.0,113.37421
1033,1848889861.0,2.0,4.0,38.0,8.0,121.671521,-1.0,3.0,-1.0,0.0,1.0,-1.0,1.0,131.75229,-1.0,26.384722,0.0,37.986975,0.0,15.15397
970,1848889863.0,2.0,2.0,121.0,5.0,38.933599,-1.0,4.0,-1.0,1.0,-1.0,1.0,0.0,49.201053,3.0,138.17094,0.0,26.094538,1.0,95.615442
6192,1848889865.0,2.0,3.0,150.0,3.0,9.972967,-1.0,4.0,44.989148,1.0,0.0,1.0,0.0,20.84368,4.0,43.526888,0.0,21.046683,-1.0,9.467965
1046,1848889870.0,2.0,3.0,142.0,6.0,17.859023,-1.0,3.0,30.736673,2.0,0.0,0.0,0.0,28.093769,3.0,23.605718,0.0,24.627285,0.0,278.946263
1162,1848889872.0,4.0,4.0,95.0,-1.0,65.491627,-1.0,2.0,65.882575,2.0,-1.0,1.0,0.0,76.282379,1.0,10.620513,0.0,14.664556,1.0,71.790209
1064,1848889878.0,4.0,4.0,103.0,9.0,56.618995,-1.0,2.0,77.915078,1.0,0.0,0.0,0.0,67.498351,1.0,134.876419,0.0,12.466006,0.0,56.324629
971,1848889881.0,2.0,3.0,92.0,5.0,68.484075,-1.0,3.0,92.998469,2.0,0.0,0.0,0.0,78.713978,1.0,29.55812,0.0,40.877058,0.0,45.971149
6193,1848889885.0,4.0,4.0,74.0,3.0,86.339226,-1.0,2.0,-1.0,2.0,0.0,1.0,0.0,97.134714,1.0,44.709426,0.0,14.382602,1.0,148.881013
1040,1848889889.0,3.0,2.0,122.0,7.0,38.186734,-1.0,2.0,128.470873,1.0,0.0,0.0,0.0,48.565675,3.0,90.912599,0.0,34.907814,0.0,138.711645
1048,1848889895.0,3.0,4.0,113.0,2.0,47.009859,-1.0,2.0,112.07584,1.0,0.0,0.0,0.0,57.987582,3.0,40.381673,0.0,13.79313,0.0,119.313466
984,1848889898.0,4.0,2.0,105.0,4.0,55.148176,-1.0,2.0,81.495108,0.0,1.0,-1.0,1.0,65.27715,3.0,7.748454,0.0,2.179931,1.0,46.513982
6194,1848889902.0,3.0,2.0,132.0,3.0,27.951666,-1.0,-1.0,80.071052,2.0,0.0,1.0,0.0,38.431073,-1.0,101.442985,0.0,34.87879,1.0,20.549351
6195,1848889904.0,2.0,4.0,59.0,3.0,101.053766,-1.0,2.0,11.02659,2.0,0.0,1.0,0.0,111.290672,3.0,3.490108,0.0,33.680918,1.0,220.994087
1034,1848889908.0,4.0,3.0,152.0,8.0,8.452862,-1.0,2.0,4.648733,1.0,-1.0,1.0,0.0,18.636557,2.0,-1.0,0.0,14.586651,1.0,111.158969
1041,1848889913.0,2.0,3.0,40.0,7.0,120.263411,-1.0,2.0,85.222895,1.0,0.0,1.0,0.0,130.980951,4.0,-1.0,0.0,67.92473,1.0,178.600368
1163,1848889918.0,4.0,3.0,144.0,-1.0,15.982599,-1.0,4.0,73.936934,1.0,0.0,1.0,0.0,26.730134,3.0,117.093266,0.0,18.217014,1.0,153.905622
985,1848889921.0,-1.0,2.0,105.0,4.0,54.860272,-1.0,3.0,65.848624,1.0,-1.0,1.0,0.0,65.513459,3.0,8.274095,0.0,0.137503,1.0,274.573997
6196,1848889924.0,3.0,4.0,118.0,3.0,42.088389,-1.0,-1.0,-1.0,1.0,0.0,1.0,0.0,52.934937,-1.0,40.407084,0.0,11.341463,1.0,162.735189
6197,1848889927.0,4.0,2.0,120.0,3.0,40.29209,-1.0,4.0,60.58293,0.0,1.0,1.0,1.0,51.080943,3.0,19.413646,1.0,48.343628,1.0,23.539216
972,1848889931.0,3.0,2.0,148.0,5.0,11.612458,-1.0,4.0,0.319963,1.0,0.0,1.0,0.0,22.58241,4.0,50.793148,1.0,89.304448,1.0,245.474177
1035,1848889937.0,3.0,2.0,48.0,8.0,111.514557,-1.0,3.0,3.891169,1.0,0.0,1.0,0.0,121.675085,3.0,34.470311,0.0,65.505233,1.0,51.755599
1065,1848889939.0,2.0,-1.0,109.0,9.0,51.494145,-1.0,2.0,36.088652,1.0,0.0,1.0,0.0,61.528622,3.0,29.425653,0.0,21.950491,1.0,138.973925
1042,1848889942.0,4.0,3.0,55.0,7.0,104.843913,-1.0,4.0,30.653252,1.0,0.0,0.0,0.0,115.546045,4.0,2.031557,0.0,4.996697,0.0,102.497358
6198,1848889948.0,2.0,-1.0,127.0,3.0,32.761612,-1.0,2.0,3.259522,1.0,0.0,1.0,0.0,43.099895,-1.0,-1.0,0.0,25.508686,1.0,163.696104
998,1848889951.0,-1.0,4.0,74.0,0.0,-1.0,-1.0,2.0,20.564511,1.0,0.0,1.0,0.0,-1.0,3.0,31.09158,0.0,31.414162,1.0,85.587427
1066,1848889954.0,2.0,3.0,95.0,9.0,65.303912,-1.0,3.0,28.793506,1.0,0.0,1.0,0.0,75.925411,3.0,56.58486,1.0,70.522595,1.0,60.756492
1036,1848889958.0,3.0,4.0,74.0,8.0,-1.0,-1.0,4.0,42.991215,1.0,0.0,1.0,0.0,-1.0,1.0,0.534393,1.0,26.692113,1.0,11.731796
6199,1848889963.0,4.0,3.0,109.0,3.0,50.620713,-1.0,3.0,75.530324,2.0,0.0,1.0,0.0,61.448912,4.0,-1.0,0.0,35.665294,-1.0,17.222391
1067,1848889965.0,3.0,3.0,141.0,9.0,18.988066,-1.0,4.0,25.166841,2.0,-1.0,1.0,0.0,29.68425,3.0,33.936388,-1.0,4.581685,1.0,118.420079
999,1848889967.0,2.0,4.0,144.0,0.0,16.277103,-1.0,3.0,16.934433,1.0,0.0,1.0,0.0,26.804071,3.0,33.556052,0.0,1.706237,1.0,148.6285
6200,1848889972.0,2.0,-1.0,137.0,3.0,23.12371,-1.0,3.0,59.241067,0.0,1.0,1.0,1.0,33.429961,2.0,32.82395,0.0,33.212455,1.0,42.928858
1049,1848889976.0,2.0,2.0,103.0,2.0,56.977923,-1.0,4.0,20.465043,1.0,0.0,-1.0,0.0,67.121282,4.0,64.538144,0.0,3.220869,1.0,133.854686
1079,1848889982.0,2.0,2.0,34.0,1.0,126.132263,-1.0,4.0,15.116091,0.0,1.0,-1.0,1.0,136.520034,3.0,55.020815,1.0,42.951367,1.0,55.368695
1047,1848889985.0,4.0,3.0,134.0,6.0,25.632584,-1.0,4.0,18.926667,0.0,1.0,1.0,1.0,36.067532,3.0,83.885597,0.0,1.886737,1.0,95.576143
1048,1848889990.0,2.0,4.0,74.0,6.0,-1.0,-1.0,2.0,-1.0,2.0,0.0,1.0,0.0,-1.0,3.0,-1.0,1.0,10.680396,1.0,115.278231
6201,1848889994.0,2.0,2.0,138.0,3.0,21.981899,-1.0,2.0,19.837941,1.0,0.0,1.0,0.0,32.236483,3.0,9.31687,0.0,29.968359,1.0,22.8049
1037,1848889998.0,4.0,2.0,150.0,8.0,9.569965,-1.0,2.0,57.064457,0.0,1.0,1.0,1.0,19.60384,2.0,38.581891,1.0,35.396611,1.0,44.046587
1164,1848890003.0,-1.0,2.0,139.0,-1.0,21.352914,-1.0,3.0,14.672507,1.0,0.0,1.0,0.0,32.317884,1.0,46.641434,0.0,18.425415,1.0,110.887764
6202,1848890008.0,4.0,4.0,149.0,3.0,11.277446,-1.0,3.0,0.062334,1.0,0.0,1.0,0.0,21.59077,-1.0,42.526654,0.0,36.782503,1.0,179.232977
1068,1848890010.0,2.0,4.0,139.0,9.0,20.558546,-1.0,3.0,29.236928,2.0,-1.0,1.0,0.0,31.06159,-1.0,108.745057,0.0,16.12082,-1.0,217.058542
1069,1848890012.0,3.0,3.0,57.0,9.0,103.438439,-1.0,3.0,45.062054,1.0,0.0,1.0,0.0,113.658884,4.0,-1.0,1.0,32.611685,1.0,22.627539
973,1848890014.0,4.0,3.0,98.0,5.0,61.733648,-1.0,2.0,31.720923,1.0,-1.0,1.0,0.0,72.616639,2.0,26.616159,0.0,34.022624,1.0,233.962685
1080,1848890017.0,4.0,3.0,153.0,1.0,6.968619,-1.0,4.0,39.959253,1.0,-1.0,1.0,0.0,17.291333,2.0,48.232385,0.0,48.478232,1.0,140.178982
1050,1848890021.0,4.0,4.0,50.0,2.0,110.133852,-1.0,4.0,34.602122,1.0,0.0,1.0,0.0,120.409227,3.0,21.232541,1.0,25.832489,1.0,124.675804
6203,1848890027.0,2.0,3.0,107.0,3.0,53.098717,-1.0,4.0,69.888555,1.0,0.0,-1.0,0.0,63.102799,4.0,31.223219,0.0,73.878698,1.0,136.022228
6204,1848890033.0,4.0,2.0,105.0,3.0,54.59941,-1.0,2.0,-1.0,1.0,0.0,0.0,0.0,65.586284,-1.0,41.876654,0.0,13.708919,0.0,57.459921
1070,1848890038.0,4.0,4.0,147.0,9.0,12.725643,-1.0,4.0,24.608643,2.0,0.0,1.0,0.0,23.08743,3.0,0.078613,0.0,79.065907,1.0,51.401772
1038,1848890044.0,2.0,2.0,132.0,8.0,28.485007,-1.0,2.0,21.014999,2.0,0.0,0.0,0.0,38.672195,1.0,36.943255,1.0,2.035245,0.0,162.972334
1051,1848890048.0,2.0,3.0,74.0,2.0,-1.0,-1.0,4.0,67.708325,1.0,0.0,-1.0,0.0,-1.0,3.0,6.874339,0.0,23.227453,1.0,60.558916
6205,1848890052.0,3.0,2.0,120.0,3.0,39.75502,-1.0,3.0,112.834265,1.0,0.0,-1.0,0.0,50.16328,1.0,136.381844,0.0,18.457583,1.0,32.109479
1071,1848890054.0,2.0,3.0,58.0,9.0,101.546708,-1.0,3.0,68.276814,1.0,0.0,-1.0,0.0,112.342938,1.0,68.339303,1.0,6.015767,1.0,77.198767
1043,1848890059.0,4.0,2.0,129.0,7.0,30.644125,-1.0,3.0,15.763714,2.0,0.0,1.0,0.0,40.764213,4.0,13.544951,0.0,33.177999,1.0,80.117083
6206,1848890064.0,2.0,2.0,110.0,3.0,49.805867,-1.0,4.0,116.220837,1.0,0.0,-1.0,0.0,60.772356,-1.0,4.379699,1.0,32.462997,0.0,169.841409
1049,1848890069.0,4.0,3.0,122.0,6.0,38.220577,-1.0,4.0,91.413298,1.0,0.0,1.0,0.0,48.234437,1.0,94.349397,0.0,41.107349,1.0,128.85824
6207,1848890075.0,3.0,2.0,158.0,3.0,1.727891,-1.0,3.0,47.378237,1.0,0.0,1.0,0.0,12.428329,3.0,65.151784,1.0,14.477207,1.0,107.210561
6208,1848890081.0,2.0,4.0,112.0,3.0,48.388682,-1.0,4.0,72.060738,2.0,0.0,0.0,0.0,58.519077,3.0,76.889574,0.0,8.212289,0.0,119.34247
974,1848890087.0,4.0,4.0,66.0,5.0,94.287089,-1.0,2.0,61.289995,0.0,1.0,1.0,1.0,105.277897,2.0,61.510612,0.0,68.627994,1.0,157.55963
6209,1848890090.0,3.0,3.0,68.0,3.0,91.970761,-1.0,4.0,38.05629,1.0,0.0,1.0,0.0,102.621449,1.0,91.222838,0.0,47.907053,1.0,2.296248
1165,1848890092.0,4.0,2.0,119.0,-1.0,41.196637,-1.0,4.0,53.458878,1.0,0.0,1.0,0.0,51.295035,3.0,-1.0,0.0,13.710779,1.0,130.1876
1166,1848890098.0,3.0,4.0,123.0,-1.0,37.257899,-1.0,4.0,-1.0,0.0,1.0,-1.0,1.0,47.76441,-1.0,66.191731,0.0,24.662946,1.0,198.694389
1052,1848890100.0,2.0,2.0,148.0,2.0,11.7978,-1.0,3.0,48.104495,1.0,0.0,1.0,0.0,22.555888,3.0,48.756356,0.0,5.053644,1.0,9.926936
6210,1848890106.0,2.0,4.0,70.0,3.0,89.880578,-1.0,3.0,48.64669,1.0,0.0,1.0,0.0,100.560515,1.0,20.519029,0.0,15.919716,1.0,38.163104
6211,1848890110.0,3.0,4.0,126.0,3.0,34.127532,-1.0,-1.0,-1.0,1.0,0.0,1.0,0.0,44.253393,2.0,68.662116,0.0,43.423245,1.0,117.209937
1039,1848890115.0,2.0,4.0,131.0,8.0,28.524182,-1.0,2.0,2.763963,1.0,0.0,-1.0,0.0,38.854113,4.0,-1.0,0.0,7.846988,1.0,28.997061
6212,1848890121.0,2.0,4.0,119.0,3.0,41.090217,-1.0,3.0,34.581231,1.0,0.0,1.0,0.0,51.62127,2.0,53.414923,0.0,66.007183,1.0,103.922405
986,1848890127.0,4.0,2.0,74.0,4.0,-1.0,-1.0,-1.0,18.556177,1.0,0.0,1.0,0.0,-1.0,3.0,9.91854,0.0,38.476366,1.0,116.262312
1044,1848890130.0,2.0,4.0,107.0,7.0,53.231755,-1.0,4.0,-1.0,1.0,-1.0,1.0,0.0,63.44854,3.0,36.750252,0.0,5.606257,1.0,61.688892
6213,1848890132.0,3.0,3.0,108.0,3.0,52.062547,-1.0,2.0,10.940707,1.0,0.0,-1.0,0.0,62.115637,4.0,111.612922,-1.0,6.991271,1.0,177.298756
1000,1848890138.0,3.0,3.0,44.0,0.0,116.13058,-1.0,2.0,20.867111,2.0,0.0,-1.0,0.0,126.625301,3.0,62.578582,0.0,6.678044,1.0,58.428645
6214,1848890142.0,3.0,-1.0,108.0,3.0,51.605748,-1.0,3.0,43.906035,1.0,0.0,1.0,0.0,62.456238,1.0,72.137279,0.0,23.466396,1.0,74.308122
6215,1848890144.0,3.0,-1.0,78.0,3.0,81.519713,-1.0,2.0,9.274901,1.0,0.0,1.0,0.0,91.62622,3.0,27.573085,1.0,77.760766,1.0,103.580193
6216,1848890150.0,3.0,2.0,74.0,3.0,-1.0,-1.0,3.0,24.596172,1.0,0.0,1.0,0.0,-1.0,3.0,63.112206,-1.0,3.554814,1.0,121.974459
1072,1848890153.0,-1.0,2.0,155.0,9.0,5.364871,-1.0,2.0,96.97494,0.0,1.0,1.0,1.0,15.882101,3.0,27.813417,1.0,17.61602,1.0,109.781591
987,1848890159.0,2.0,2.0,98.0,4.0,62.306235,-1.0,-1.0,63.105336,1.0,0.0,1.0,0.0,72.537123,-1.0,36.395885,0.0,44.185798,1.0,82.336025
975,1848890163.0,-1.0,2.0,154.0,5.0,6.29205,-1.0,4.0,2.604937,1.0,0.0,1.0,0.0,16.700304,3.0,123.344686,0.0,0.267988,1.0,47.374382
988,1848890169.0,4.0,4.0,156.0,4.0,4.421062,-1.0,2.0,128.909979,1.0,0.0,-1.0,0.0,15.014568,3.0,39.135431,0.0,34.998545,1.0,101.490081
1053,1848890174.0,2.0,3.0,144.0,2.0,15.933405,-1.0,4.0,8.107296,2.0,0.0,-1.0,0.0,25.979515,3.0,54.932465,0.0,22.508956,1.0,65.656576
1040,1848890176.0,4.0,-1.0,108.0,8.0,51.980919,-1.0,2.0,70.743586,1.0,0.0,1.0,0.0,62.91483,3.0,77.103658,-1.0,30.000799,1.0,183.610058
6217,1848890180.0,4.0,4.0,118.0,3.0,42.144622,-1.0,2.0,10.798342,1.0,0.0,0.0,0.0,53.002403,4.0,-1.0,0.0,1.30386,0.0,108.64396
1001,1848890186.0,-1.0,2.0,54.0,0.0,105.828163,-1.0,2.0,-1.0,2.0,0.0,1.0,0.0,116.352072,3.0,29.908576,0.0,7.984498,1.0,86.337921
1081,1848890191.0,4.0,4.0,143.0,1.0,17.350129,-1.0,-1.0,44.537313,1.0,0.0,-1.0,0.0,28.249369,3.0,10.428286,0.0,31.850767,1.0,139.181586
1073,1848890195.0,3.0,4.0,69.0,9.0,90.626224,-1.0,-1.0,28.644391,1.0,0.0,-1.0,0.0,100.728922,-1.0,-1.0,0.0,52.55436,1.0,137.575373
1082,1848890201.0,4.0,2.0,89.0,1.0,70.545213,-1.0,2.0,77.600624,2.0,0.0,-1.0,0.0,81.093436,3.0,22.738725,0.0,31.062438,0.0,188.608021
1083,1848890207.0,2.0,3.0,147.0,1.0,13.06238,-1.0,3.0,107.965919,1.0,0.0,-1.0,0.0,23.136797,2.0,82.970956,1.0,2.83892,1.0,144.120508
1045,1848890210.0,4.0,4.0,104.0,7.0,55.890964,-1.0,4.0,14.42133,1.0,0.0,1.0,0.0,65.892634,-1.0,88.325281,1.0,14.312688,1.0,112.868573
989,1848890214.0,2.0,3.0,154.0,4.0,6.333389,-1.0,2.0,28.354366,1.0,-1.0,1.0,0.0,16.420176,3.0,-1.0,0.0,19.86925,1.0,112.583516
6218,1848890216.0,4.0,3.0,74.0,3.0,-1.0,-1.0,4.0,95.105386,1.0,0.0,1.0,0.0,-1.0,4.0,7.992682,0.0,5.992542,1.0,19.331272
6219,1848890222.0,4.0,2.0,156.0,3.0,4.405443,-1.0,4.0,8.252452,0.0,1.0,1.0,1.0,15.093029,4.0,80.582587,0.0,16.581023,1.0,44.32777
1046,1848890225.0,2.0,4.0,132.0,7.0,27.826709,-1.0,2.0,-1.0,0.0,1.0,1.0,1.0,38.000945,4.0,7.727569,0.0,18.548064,1.0,134.12149
6220,1848890230.0,2.0,3.0,61.0,3.0,98.894436,-1.0,4.0,37.087832,2.0,0.0,-1.0,0.0,109.47906,3.0,30.994582,0.0,66.714925,1.0,18.755027
1167,1848890236.0,2.0,2.0,117.0,-1.0,43.450298,-1.0,2.0,7.595271,2.0,0.0,1.0,0.0,53.667062,4.0,61.181058,0.0,16.808896,1.0,53.277758
6221,1848890241.0,4.0,4.0,121.0,3.0,38.859471,-1.0,4.0,52.557769,1.0,0.0,1.0,0.0,49.579882,1.0,3.814466,1.0,10.906275,1.0,33.619922
1041,1848890243.0,3.0,4.0,90.0,8.0,70.064608,-1.0,4.0,43.53874,1.0,-1.0,1.0,0.0,80.843758,-1.0,7.33453,0.0,21.712203,1.0,62.421522
1074,1848890248.0,3.0,3.0,118.0,9.0,42.348931,-1.0,3.0,10.461261,2.0,0.0,1.0,0.0,52.688798,2.0,30.059133,0.0,39.473752,1.0,112.233686
6222,1848890251.0,4.0,2.0,80.0,3.0,80.000733,-1.0,-1.0,48.956592,1.0,0.0,1.0,0.0,90.002791,3.0,-1.0,-1.0,6.123624,1.0,21.666418
6223,1848890253.0,4.0,2.0,142.0,3.0,18.499115,-1.0,4.0,83.659525,1.0,0.0,1.0,0.0,28.872252,3.0,3.169859,1.0,19.889592,1.0,110.980047
6224,1848890255.0,2.0,4.0,3.0,3.0,157.263797,-1.0,3.0,87.095136,1.0,-1.0,1.0,0.0,168.186563,3.0,30.50286,0.0,49.806836,1.0,0.431303
6225,1848890259.0,4.0,3.0,130.0,3.0,30.441816,-1.0,3.0,120.305684,2.0,0.0,0.0,0.0,41.370904,-1.0,-1.0,1.0,21.176595,0.0,91.880752
6226,1848890265.0,2.0,4.0,102.0,3.0,58.327211,-1.0,4.0,2.030682,1.0,0.0,1.0,0.0,68.374065,1.0,2.013669,0.0,26.286168,0.0,183.792487
1002,1848890269.0,4.0,3.0,140.0,0.0,20.004677,-1.0,4.0,35.534638,2.0,-1.0,1.0,0.0,30.45745,4.0,14.355785,0.0,28.441717,-1.0,142.201012
6227,1848890274.0,4.0,2.0,152.0,3.0,8.471408,-1.0,2.0,68.711993,2.0,0.0,-1.0,0.0,18.978679,2.0,15.404167,0.0,4.769352,1.0,168.304641
1084,1848890279.0,2.0,2.0,126.0,1.0,33.614077,-1.0,4.0,35.589152,1.0,0.0,0.0,0.0,44.096952,3.0,33.267484,0.0,6.43751,0.0,77.138577
1075,1848890283.0,4.0,2.0,40.0,9.0,120.407118,-1.0,2.0,15.613445,1.0,0.0,1.0,0.0,130.712958,3.0,-1.0,1.0,49.156164,1.0,119.140103
6228,1848890287.0,3.0,3.0,121.0,3.0,39.214808,-1.0,2.0,-1.0,2.0,-1.0,-1.0,0.0,50.002728,3.0,101.020131,-1.0,39.5153,0.0,19.331402
1042,1848890293.0,3.0,2.0,67.0,8.0,92.662374,-1.0,3.0,-1.0,2.0,0.0,1.0,0.0,102.883912,1.0,0.50326,0.0,43.811719,1.0,137.243944
990,1848890299.0,-1.0,2.0,121.0,4.0,38.529373,-1.0,4.0,91.80942,1.0,0.0,1.0,0.0,49.311787,3.0,63.024208,1.0,1.054,1.0,221.165946
1085,1848890302.0,2.0,4.0,51.0,1.0,109.273895,-1.0,3.0,67.708419,1.0,0.0,0.0,0.0,120.003175,4.0,19.703147,0.0,47.63841,0.0,98.988958
1047,1848890306.0,4.0,4.0,152.0,7.0,7.999463,-1.0,3.0,46.284331,1.0,0.0,1.0,0.0,18.754322,3.0,73.148682,0.0,47.109942,1.0,4.138375
991,1848890310.0,4.0,3.0,146.0,4.0,13.660048,-1.0,3.0,31.5775,1.0,0.0,-1.0,0.0,24.494972,3.0,-1.0,1.0,53.656542,1.0,5.821448
1048,1848890314.0,2.0,4.0,69.0,7.0,91.407955,-1.0,2.0,56.681633,1.0,0.0,1.0,0.0,101.59265,3.0,45.707428,0.0,8.891923,1.0,63.902722
6229,1848890319.0,2.0,4.0,80.0,3.0,80.166707,-1.0,3.0,24.292035,1.0,0.0,1.0,0.0,90.705302,3.0,28.059534,0.0,43.392328,1.0,167.666793
6230,1848890322.0,3.0,4.0,127.0,3.0,32.685597,-1.0,2.0,25.348903,2.0,0.0,0.0,0.0,43.002185,3.0,74.072375,0.0,1.013922,0.0,117.43821
6231,1848890328.0,4.0,2.0,150.0,3.0,10.010243,-1.0,3.0,3.219014,1.0,-1.0,-1.0,0.0,20.22525,4.0,71.746544,0.0,72.540694,1.0,71.949012
992,1848890334.0,2.0,2.0,139.0,4.0,21.446043,-1.0,3.0,5.923772,1.0,-1.0,1.0,0.0,32.313928,1.0,-1.0,-1.0,40.14958,1.0,67.306773
976,1848890336.0,4.0,4.0,144.0,5.0,15.897562,-1.0,2.0,58.500198,1.0,0.0,-1.0,0.0,26.881174,-1.0,25.614295,-1.0,10.143813,1.0,129.673171
1054,1848890342.0,4.0,3.0,124.0,2.0,35.698823,-1.0,2.0,0.84585,1.0,0.0,1.0,0.0,45.732069,3.0,-1.0,0.0,34.904769,1.0,157.798848
1076,1848890344.0,2.0,3.0,150.0,9.0,9.609464,-1.0,4.0,11.97578,1.0,0.0,1.0,0.0,19.701437,3.0,55.978674,-1.0,23.732576,1.0,103.872879
6232,1848890350.0,2.0,2.0,136.0,3.0,24.16237,-1.0,2.0,-1.0,2.0,-1.0,-1.0,0.0,34.76237,4.0,7.208485,0.0,41.794245,1.0,43.147132
1050,1848890352.0,2.0,3.0,131.0,6.0,28.855699,-1.0,-1.0,-1.0,1.0,0.0,1.0,0.0,38.989016,1.0,20.563512,0.0,44.247677,1.0,102.203897
1055,1848890355.0,2.0,3.0,133.0,2.0,26.509994,-1.0,4.0,11.068901,1.0,0.0,1.0,0.0,36.556668,2.0,-1.0,0.0,2.223771,1.0,115.548588
1077,1848890357.0,3.0,2.0,140.0,9.0,20.012423,-1.0,2.0,84.166792,1.0,0.0,-1.0,0.0,30.795137,2.0,85.024338,1.0,70.492313,1.0,198.345252
1003,1848890359.0,4.0,3.0,157.0,0.0,2.750156,-1.0,4.0,8.776644,1.0,0.0,1.0,0.0,13.24284,3.0,3.241025,0.0,29.051627,-1.0,30.237271
1086,1848890365.0,4.0,4.0,110.0,1.0,49.948263,-1.0,4.0,83.170564,1.0,0.0,1.0,0.0,59.983593,2.0,155.248471,0.0,26.998486,1.0,4.634372
1078,1848890370.0,2.0,2.0,74.0,9.0,-1.0,-1.0,2.0,106.506731,1.0,0.0,1.0,0.0,-1.0,3.0,96.998747,1.0,35.027289,1.0,167.754761
1087,1848890373.0,3.0,2.0,85.0,1.0,75.405939,-1.0,-1.0,20.492616,1.0,0.0,1.0,0.0,85.538348,-1.0,45.445107,0.0,35.165146,1.0,62.06199
1004,1848890376.0,2.0,2.0,156.0,0.0,4.087485,-1.0,2.0,8.241144,1.0,-1.0,1.0,0.0,14.15581,4.0,48.946365,0.0,4.905328,1.0,7.527704
1079,1848890378.0,4.0,2.0,152.0,9.0,7.515507,-1.0,4.0,2.047842,1.0,0.0,1.0,0.0,18.009235,2.0,30.770598,0.0,6.920625,1.0,147.318213
993,1848890380.0,4.0,3.0,107.0,4.0,53.37561,-1.0,-1.0,13.309577,1.0,0.0,1.0,0.0,64.057959,3.0,31.484482,0.0,20.695894,-1.0,171.950269
1088,1848890383.0,3.0,2.0,151.0,1.0,9.267577,-1.0,4.0,43.259796,1.0,0.0,1.0,0.0,19.788028,3.0,65.619034,0.0,30.035965,1.0,48.402445
977,1848890387.0,4.0,2.0,74.0,5.0,-1.0,-1.0,4.0,15.119041,1.0,0.0,1.0,0.0,-1.0,1.0,3.337538,0.0,8.98595,1.0,120.337976
6233,1848890390.0,2.0,4.0,131.0,3.0,28.88994,-1.0,2.0,30.567167,1.0,0.0,1.0,0.0,39.805921,3.0,5.7516,0.0,4.238662,1.0,87.969657
6234,1848890393.0,3.0,2.0,116.0,3.0,43.537336,-1.0,3.0,46.646759,1.0,0.0,1.0,0.0,54.428867,1.0,20.498232,1.0,30.066028,1.0,146.979222
1168,1848890399.0,4.0,-1.0,131.0,-1.0,29.45951,-1.0,3.0,41.627361,1.0,0.0,1.0,0.0,39.966546,3.0,9.686729,0.0,78.042798,1.0,82.766751
1169,1848890404.0,3.0,2.0,155.0,-1.0,4.712846,-1.0,2.0,73.510227,2.0,0.0,1.0,0.0,15.603621,-1.0,23.889309,0.0,23.038526,1.0,30.550826
6235,1848890409.0,3.0,2.0,149.0,3.0,11.107479,-1.0,4.0,5.880925,2.0,0.0,1.0,0.0,21.273931,4.0,26.354974,0.0,3.131716,1.0,58.457462
1051,1848890415.0,2.0,4.0,114.0,6.0,45.904312,-1.0,4.0,69.739026,1.0,0.0,1.0,0.0,56.418986,3.0,29.536037,1.0,15.590817,1.0,93.749491
6236,1848890419.0,-1.0,2.0,139.0,3.0,20.699509,-1.0,-1.0,58.408992,1.0,0.0,1.0,0.0,31.585451,2.0,31.5281,0.0,60.289133,1.0,2.407919
1170,1848890425.0,-1.0,3.0,74.0,-1.0,-1.0,-1.0,4.0,24.108073,1.0,0.0,1.0,0.0,-1.0,3.0,113.622398,0.0,73.718889,1.0,157.86708
1049,1848890429.0,2.0,3.0,74.0,7.0,-1.0,-1.0,-1.0,13.748652,0.0,1.0,1.0,1.0,-1.0,3.0,28.092537,-1.0,56.247728,1.0,24.074864
994,1848890433.0,3.0,2.0,124.0,4.0,35.945724,-1.0,2.0,-1.0,1.0,-1.0,-1.0,0.0,46.488135,3.0,108.452646,0.0,11.483629,1.0,137.694854
6237,1848890435.0,3.0,4.0,86.0,3.0,74.043498,-1.0,2.0,48.791972,1.0,0.0,-1.0,0.0,84.998719,2.0,-1.0,0.0,48.804373,1.0,183.858704
1052,1848890437.0,4.0,2.0,140.0,6.0,19.979373,-1.0,3.0,30.716901,1.0,0.0,1.0,0.0,30.238979,3.0,43.322083,-1.0,11.039544,1.0,124.846901
1089,1848890441.0,4.0,2.0,114.0,1.0,45.70047,-1.0,4.0,12.34699,1.0,0.0,1.0,0.0,56.054739,4.0,3.881484,0.0,84.062185,1.0,109.14571
1171,1848890444.0,4.0,4.0,93.0,-1.0,66.630487,-1.0,3.0,-1.0,1.0,0.0,0.0,0.0,77.530407,2.0,34.309815,0.0,44.000515,0.0,15.358106
1050,1848890448.0,2.0,2.0,113.0,7.0,46.868205,-1.0,3.0,90.085872,1.0,-1.0,-1.0,0.0,57.692601,2.0,93.032388,0.0,2.783135,-1.0,127.423937
978,1848890454.0,4.0,4.0,96.0,5.0,64.139093,-1.0,3.0,29.436013,0.0,1.0,1.0,1.0,74.622973,3.0,15.159355,0.0,26.975637,1.0,78.236054
1051,1848890459.0,2.0,4.0,155.0,7.0,4.710936,-1.0,2.0,19.231129,1.0,0.0,-1.0,0.0,15.0477,4.0,4.633066,0.0,6.303953,0.0,34.76611
6238,1848890463.0,4.0,4.0,144.0,3.0,16.421155,-1.0,2.0,36.23737,1.0,0.0,1.0,0.0,26.766642,3.0,50.431934,1.0,48.156484,1.0,249.453494
6239,1848890465.0,-1.0,3.0,76.0,3.0,84.120866,-1.0,4.0,54.893572,1.0,0.0,1.0,0.0,94.2383,3.0,36.365343,0.0,88.917235,1.0,74.24811
1052,1848890470.0,4.0,2.0,107.0,7.0,52.772277,-1.0,2.0,30.602968,1.0,0.0,1.0,0.0,63.468745,1.0,49.782204,1.0,27.609286,1.0,107.079545
6240,1848890476.0,3.0,4.0,91.0,3.0,68.867323,-1.0,2.0,20.766555,2.0,0.0,1.0,0.0,79.66512,4.0,93.797565,0.0,20.110386,1.0,74.544431
1090,1848890479.0,-1.0,-1.0,109.0,1.0,51.232823,-1.0,2.0,98.894729,1.0,-1.0,1.0,0.0,61.68176,3.0,-1.0,1.0,62.936165,1.0,131.236542
6241,1848890481.0,3.0,2.0,121.0,3.0,38.846496,-1.0,3.0,50.689579,1.0,0.0,-1.0,0.0,49.790068,-1.0,102.487197,0.0,28.086683,0.0,86.534224
1053,1848890483.0,4.0,3.0,106.0,6.0,53.683279,-1.0,2.0,49.180187,1.0,0.0,-1.0,0.0,64.19293,-1.0,65.645233,-1.0,43.192566,1.0,201.581177
1056,1848890488.0,3.0,-1.0,86.0,2.0,74.021587,-1.0,3.0,77.443331,1.0,0.0,1.0,0.0,84.671678,-1.0,76.442386,0.0,37.796708,1.0,226.671043
6242,1848890492.0,4.0,4.0,128.0,3.0,31.609459,-1.0,3.0,25.196963,1.0,0.0,1.0,0.0,42.57272,3.0,28.299856,0.0,32.756162,1.0,6.048104
6243,1848890494.0,2.0,-1.0,138.0,3.0,22.223206,-1.0,-1.0,26.041138,1.0,0.0,-1.0,0.0,32.569124,3.0,99.921283,0.0,41.81496,1.0,216.67925
1005,1848890498.0,3.0,3.0,96.0,0.0,64.245843,-1.0,2.0,3.600898,1.0,0.0,1.0,0.0,74.293885,3.0,39.64184,0.0,1.339995,1.0,168.462571
1054,1848890502.0,2.0,2.0,144.0,6.0,16.052299,-1.0,3.0,82.469056,1.0,0.0,1.0,0.0,26.314431,3.0,104.573421,0.0,36.263365,1.0,43.304827
1080,1848890505.0,2.0,3.0,74.0,9.0,-1.0,-1.0,4.0,11.074816,2.0,0.0,1.0,0.0,-1.0,4.0,17.197271,-1.0,21.34917,1.0,57.362555
1091,1848890509.0,4.0,2.0,74.0,1.0,86.216361,-1.0,3.0,54.841726,1.0,0.0,1.0,0.0,96.726064,3.0,5.647999,0.0,1.857334,1.0,91.691521
1057,1848890511.0,3.0,4.0,130.0,2.0,30.283698,-1.0,2.0,38.87467,1.0,0.0,1.0,0.0,40.434574,-1.0,118.147983,0.0,1.056928,-1.0,39.305402
1006,1848890513.0,-1.0,2.0,128.0,0.0,32.227663,-1.0,2.0,7.274169,2.0,0.0,1.0,0.0,42.294496,-1.0,17.826492,1.0,10.232607,-1.0,74.113201
6244,1848890518.0,3.0,4.0,76.0,3.0,83.532243,-1.0,4.0,36.781803,1.0,0.0,0.0,0.0,94.238788,3.0,142.820405,1.0,29.014752,0.0,173.635767
6245,1848890523.0,4.0,3.0,71.0,3.0,89.097926,-1.0,3.0,29.541248,1.0,0.0,-1.0,0.0,99.648026,2.0,27.99489,0.0,19.948957,1.0,108.957382
1055,1848890529.0,4.0,2.0,124.0,6.0,35.800303,-1.0,4.0,2.560628,1.0,-1.0,1.0,0.0,46.564205,4.0,3.143949,0.0,13.209709,1.0,18.370833
1043,1848890535.0,4.0,4.0,61.0,8.0,99.29427,-1.0,2.0,38.017191,1.0,0.0,1.0,0.0,109.77767,3.0,97.05622,0.0,0.996446,1.0,92.164282
6246,1848890541.0,3.0,4.0,142.0,3.0,17.641949,-1.0,2.0,4.510845,1.0,0.0,1.0,0.0,27.714469,-1.0,23.122691,0.0,16.771968,1.0,76.322772
1081,1848890543.0,3.0,2.0,140.0,9.0,20.285124,-1.0,2.0,44.95417,1.0,0.0,1.0,0.0,31.215651,1.0,69.380717,-1.0,42.442576,1.0,93.839971
6247,1848890547.0,3.0,2.0,109.0,3.0,50.669267,-1.0,3.0,64.257554,2.0,0.0,0.0,0.0,61.373609,3.0,123.338972,-1.0,15.052033,0.0,63.7524
1172,1848890550.0,3.0,4.0,101.0,-1.0,58.900905,-1.0,4.0,-1.0,2.0,0.0,1.0,0.0,69.621773,3.0,33.521426,-1.0,19.386906,1.0,117.03342
1007,1848890556.0,4.0,2.0,72.0,0.0,88.211512,-1.0,4.0,83.417405,1.0,0.0,-1.0,0.0,99.032293,4.0,65.663737,0.0,53.172067,1.0,196.400595
1008,1848890560.0,2.0,3.0,137.0,0.0,22.750405,-1.0,3.0,23.595114,1.0,0.0,1.0,0.0,33.111294,3.0,47.565927,0.0,0.476065,1.0,124.086422
6248,1848890564.0,3.0,2.0,74.0,3.0,-1.0,-1.0,4.0,101.37773,1.0,0.0,-1.0,0.0,-1.0,1.0,-1.0,0.0,14.23811,-1.0,33.712726
1092,1848890569.0,2.0,2.0,74.0,1.0,-1.0,-1.0,4.0,-1.0,2.0,0.0,-1.0,0.0,-1.0,3.0,18.650792,0.0,18.938849,0.0,271.687479
1058,1848890573.0,3.0,3.0,43.0,2.0,116.879782,-1.0,3.0,105.647947,2.0,0.0,1.0,0.0,127.191855,2.0,51.543437,1.0,62.709508,-1.0,250.525244
1053,1848890576.0,2.0,2.0,124.0,7.0,36.119063,-1.0,4.0,41.401451,1.0,0.0,-1.0,0.0,47.073514,2.0,-1.0,0.0,94.812608,1.0,139.928902
1059,1848890582.0,2.0,2.0,140.0,2.0,20.27548,-1.0,4.0,103.867974,1.0,0.0,1.0,0.0,30.714865,4.0,64.049562,0.0,11.222468,1.0,27.195484
1082,1848890584.0,3.0,2.0,153.0,9.0,6.909942,-1.0,3.0,22.080674,1.0,0.0,1.0,0.0,17.777963,2.0,35.592711,0.0,49.549997,1.0,84.130163
1083,1848890589.0,4.0,3.0,50.0,9.0,110.46294,-1.0,2.0,52.143155,2.0,0.0,1.0,0.0,120.652607,3.0,22.855747,-1.0,24.754552,1.0,79.206262
6249,1848890591.0,3.0,2.0,142.0,3.0,17.569716,-1.0,-1.0,5.418854,1.0,-1.0,1.0,0.0,28.489425,4.0,41.391956,1.0,34.828338,1.0,3.627082
1054,1848890594.0,4.0,3.0,132.0,7.0,28.203465,-1.0,3.0,9.867219,2.0,0.0,1.0,0.0,39.112908,2.0,46.270539,0.0,72.123953,1.0,189.165983
995,1848890598.0,2.0,3.0,150.0,4.0,9.621484,-1.0,-1.0,22.735971,1.0,0.0,1.0,0.0,20.29307,1.0,-1.0,0.0,24.806547,1.0,1.760957
979,1848890603.0,3.0,2.0,135.0,5.0,24.645888,-1.0,2.0,48.175516,2.0,0.0,1.0,0.0,35.274979,3.0,12.045303,1.0,28.607214,1.0,140.161987
1084,1848890607.0,3.0,4.0,74.0,9.0,-1.0,-1.0,3.0,5.671503,1.0,0.0,1.0,0.0,-1.0,3.0,38.628572,0.0,37.575801,1.0,114.912502
6250,1848890609.0,3.0,3.0,74.0,3.0,85.971529,-1.0,3.0,-1.0,1.0,0.0,0.0,0.0,96.128927,4.0,-1.0,0.0,16.256852,0.0,6.750979
996,1848890615.0,2.0,2.0,53.0,4.0,106.728237,-1.0,3.0,-1.0,1.0,0.0,1.0,0.0,116.89082,3.0,17.237028,0.0,5.965608,1.0,86.326786
6251,1848890619.0,4.0,3.0,82.0,3.0,77.564649,-1.0,-1.0,74.974096,1.0,0.0,1.0,0.0,88.059916,3.0,-1.0,1.0,13.805386,1.0,93.054665
980,1848890621.0,2.0,3.0,149.0,5.0,11.349502,-1.0,-1.0,-1.0,1.0,0.0,1.0,0.0,21.416661,3.0,19.611339,0.0,51.729931,1.0,265.029055
1056,1848890623.0,2.0,2.0,156.0,6.0,3.553279,-1.0,3.0,3.788112,1.0,-1.0,1.0,0.0,13.834775,3.0,79.835228,0.0,3.771799,1.0,111.052406
1093,1848890625.0,4.0,3.0,145.0,1.0,15.190643,-1.0,3.0,-1.0,1.0,0.0,1.0,0.0,25.42739,3.0,10.1666,0.0,5.95779,1.0,137.252671
981,1848890627.0,3.0,4.0,88.0,5.0,72.20713,-1.0,4.0,-1.0,1.0,0.0,-1.0,0.0,82.703612,3.0,8.594381,0.0,5.158816,1.0,175.19598
6252,1848890632.0,4.0,2.0,152.0,3.0,8.006349,-1.0,2.0,15.731136,1.0,0.0,1.0,0.0,18.229239,4.0,24.772569,0.0,15.570916,-1.0,58.731833
1094,1848890637.0,3.0,3.0,139.0,1.0,20.916768,-1.0,4.0,31.272548,1.0,0.0,1.0,0.0,31.784357,3.0,80.06117,0.0,20.969554,1.0,156.189825
6253,1848890643.0,2.0,4.0,121.0,3.0,38.805512,-1.0,4.0,76.567471,1.0,0.0,1.0,0.0,49.767349,4.0,7.035223,0.0,14.358888,-1.0,22.540471
6254,1848890647.0,4.0,3.0,114.0,3.0,45.543869,-1.0,3.0,51.193718,1.0,0.0,1.0,0.0,56.029428,3.0,37.261237,0.0,19.102288,1.0,103.027008
1044,1848890651.0,4.0,4.0,112.0,8.0,47.633113,-1.0,4.0,92.289343,1.0,0.0,1.0,0.0,58.236259,1.0,27.298341,0.0,33.51207,1.0,-1.0
6255,1848890657.0,4.0,2.0,88.0,3.0,72.180854,-1.0,4.0,70.818591,1.0,-1.0,1.0,0.0,82.448605,-1.0,16.857297,0.0,22.963839,1.0,59.702679
6256,1848890663.0,2.0,4.0,117.0,3.0,42.7083,-1.0,2.0,48.856252,2.0,0.0,1.0,0.0,53.329524,1.0,8.885232,0.0,2.128228,1.0,73.352748
982,1848890666.0,2.0,3.0,153.0,5.0,7.462935,-1.0,4.0,-1.0,1.0,0.0,1.0,0.0,17.519039,3.0,97.23978,0.0,17.376396,1.0,101.259435
6257,1848890670.0,2.0,2.0,147.0,3.0,13.021775,-1.0,-1.0,115.474213,1.0,0.0,1.0,0.0,23.375467,2.0,54.471653,0.0,4.181422,1.0,163.616982
1173,1848890676.0,3.0,4.0,128.0,-1.0,31.846397,-1.0,3.0,59.189813,1.0,0.0,0.0,0.0,42.650212,4.0,18.886779,-1.0,20.475222,0.0,61.992431
6258,1848890678.0,4.0,2.0,141.0,3.0,19.313,-1.0,2.0,29.562581,2.0,0.0,0.0,0.0,30.158367,3.0,58.223392,0.0,71.811401,0.0,200.258079
1085,1848890683.0,4.0,4.0,154.0,9.0,5.915884,-1.0,2.0,-1.0,1.0,0.0,0.0,0.0,16.408181,3.0,28.276209,-1.0,13.264733,0.0,145.244318
1174,1848890688.0,3.0,2.0,153.0,-1.0,6.902112,-1.0,2.0,20.617587,0.0,1.0,1.0,1.0,17.182137,4.0,-1.0,-1.0,56.876425,1.0,117.308829
1055,1848890694.0,4.0,-1.0,154.0,7.0,5.821944,-1.0,-1.0,3.221814,1.0,0.0,-1.0,0.0,16.52246,1.0,48.737613,1.0,21.95437,1.0,104.762437
1095,1848890698.0,2.0,3.0,124.0,1.0,35.748797,-1.0,4.0,152.117187,1.0,0.0,1.0,0.0,45.753009,4.0,75.415612,0.0,51.410015,1.0,191.380468
1056,1848890701.0,3.0,3.0,149.0,7.0,11.398428,-1.0,3.0,57.88436,1.0,0.0,1.0,0.0,22.105546,2.0,-1.0,-1.0,43.407742,1.0,82.594087
983,1848890707.0,3.0,4.0,147.0,5.0,12.934578,-1.0,3.0,12.862239,2.0,0.0,1.0,0.0,23.300625,3.0,7.299354,1.0,5.070989,1.0,46.826922
1057,1848890710.0,2.0,3.0,135.0,6.0,25.16879,-1.0,4.0,17.287619,1.0,0.0,1.0,0.0,35.568102,3.0,67.308444,0.0,5.312103,1.0,75.265445
1045,1848890715.0,4.0,2.0,159.0,8.0,1.28105,-1.0,2.0,-1.0,1.0,0.0,1.0,0.0,12.004541,-1.0,80.17753,0.0,21.44095,1.0,237.04401
6259,1848890720.0,3.0,-1.0,114.0,3.0,45.541558,-1.0,3.0,126.235923,1.0,0.0,-1.0,0.0,55.621545,4.0,69.952156,0.0,11.235213,1.0,243.548183
1046,1848890726.0,4.0,4.0,159.0,8.0,1.097922,-1.0,3.0,74.552679,2.0,0.0,1.0,0.0,11.242736,-1.0,66.392563,0.0,56.164506,1.0,262.792556
1175,1848890732.0,3.0,3.0,143.0,-1.0,17.314469,-1.0,3.0,11.144452,0.0,1.0,1.0,1.0,27.809255,1.0,49.541861,0.0,33.151174,1.0,174.294989
6260,1848890735.0,2.0,4.0,97.0,3.0,63.284671,-1.0,4.0,61.533306,2.0,0.0,1.0,0.0,74.051212,2.0,47.237063,0.0,10.654344,1.0,37.52974
6261,1848890739.0,4.0,2.0,53.0,3.0,106.929308,-1.0,2.0,28.993646,1.0,-1.0,1.0,0.0,117.498263,3.0,21.485937,0.0,6.942476,-1.0,233.26796
6262,1848890744.0,4.0,3.0,156.0,3.0,4.399219,-1.0,4.0,1.633886,2.0,0.0,1.0,0.0,15.250924,3.0,27.713632,0.0,22.475512,1.0,146.386735
6263,1848890746.0,3.0,2.0,74.0,3.0,-1.0,-1.0,4.0,29.092212,1.0,0.0,1.0,0.0,-1.0,4.0,28.304101,1.0,34.382384,1.0,88.387992
6264,1848890749.0,3.0,3.0,139.0,3.0,20.535374,-1.0,4.0,7.544512,1.0,0.0,1.0,0.0,31.203746,3.0,52.354567,0.0,47.556714,1.0,7.863431
1096,1848890753.0,4.0,2.0,74.0,1.0,-1.0,-1.0,4.0,129.815947,2.0,0.0,1.0,0.0,-1.0,4.0,144.017679,-1.0,8.660634,1.0,163.034064
1009,1848890758.0,3.0,3.0,141.0,0.0,18.943473,-1.0,2.0,20.619359,1.0,0.0,1.0,0.0,29.632234,2.0,8.021692,1.0,18.248067,1.0,46.021379
6265,1848890761.0,4.0,2.0,77.0,3.0,83.468654,-1.0,3.0,53.167371,1.0,0.0,1.0,0.0,94.277622,3.0,70.044217,0.0,1.163036,1.0,174.635149
1086,1848890766.0,4.0,4.0,108.0,9.0,52.475755,-1.0,3.0,154.550747,1.0,0.0,1.0,0.0,62.955368,4.0,32.886486,1.0,66.740458,1.0,34.148039
1097,1848890768.0,4.0,4.0,155.0,1.0,5.076165,-1.0,2.0,75.863169,2.0,0.0,-1.0,0.0,15.429165,3.0,7.377153,0.0,43.88001,-1.0,115.984664
1058,1848890772.0,4.0,2.0,149.0,6.0,11.31657,-1.0,2.0,121.765079,1.0,0.0,1.0,0.0,22.136735,3.0,13.395892,0.0,11.527162,1.0,34.378605
6266,1848890776.0,-1.0,4.0,74.0,3.0,-1.0,-1.0,3.0,43.961163,2.0,0.0,1.0,0.0,-1.0,3.0,117.251758,0.0,32.519461,1.0,32.701034
1087,1848890780.0,4.0,-1.0,135.0,9.0,24.827869,-1.0,3.0,1.758609,0.0,1.0,-1.0,1.0,35.120212,2.0,84.204816,0.0,57.993357,1.0,2.268146
984,1848890784.0,4.0,2.0,141.0,5.0,18.963686,-1.0,-1.0,26.173953,0.0,1.0,1.0,1.0,29.352796,3.0,10.057747,0.0,34.742379,1.0,16.206597
6267,1848890789.0,4.0,4.0,100.0,3.0,60.217795,-1.0,3.0,29.854649,2.0,0.0,1.0,0.0,70.863823,3.0,35.728171,0.0,9.408413,1.0,10.29118
1010,1848890794.0,2.0,4.0,157.0,0.0,2.595211,-1.0,3.0,74.606563,1.0,0.0,1.0,0.0,13.402273,4.0,-1.0,0.0,18.412977,1.0,185.290942
6268,1848890797.0,3.0,3.0,152.0,3.0,8.338521,-1.0,4.0,94.046136,0.0,1.0,1.0,1.0,18.766228,3.0,-1.0,0.0,15.602981,0.0,72.654153
6269,1848890802.0,4.0,4.0,74.0,3.0,-1.0,-1.0,-1.0,37.702412,1.0,0.0,1.0,0.0,-1.0,1.0,3.920062,0.0,26.372915,1.0,72.137551
1088,1848890805.0,-1.0,3.0,98.0,9.0,61.891937,-1.0,2.0,67.166441,1.0,0.0,-1.0,0.0,72.090414,3.0,22.754066,1.0,25.241445,1.0,259.515665
1011,1848890809.0,2.0,4.0,112.0,0.0,47.723514,-1.0,2.0,68.322445,1.0,0.0,1.0,0.0,58.143806,4.0,57.005711,-1.0,15.595681,1.0,127.388569
6270,1848890815.0,4.0,3.0,158.0,3.0,2.223527,-1.0,2.0,111.307139,1.0,0.0,-1.0,0.0,12.411621,2.0,17.604236,0.0,4.838611,1.0,137.070145
1060,1848890820.0,2.0,3.0,118.0,2.0,42.405458,-1.0,2.0,-1.0,1.0,0.0,1.0,0.0,53.255643,3.0,15.996271,-1.0,28.862166,1.0,92.138704
1089,1848890822.0,3.0,3.0,74.0,9.0,-1.0,-1.0,3.0,113.436716,1.0,0.0,1.0,0.0,-1.0,-1.0,40.137662,1.0,23.389047,1.0,14.71278
1047,1848890825.0,3.0,3.0,142.0,8.0,17.664852,-1.0,2.0,36.033871,1.0,-1.0,0.0,0.0,28.09217,-1.0,53.52745,0.0,1.622468,0.0,22.091593
6271,1848890830.0,-1.0,4.0,127.0,3.0,33.10941,-1.0,2.0,8.293705,1.0,-1.0,-1.0,0.0,44.087107,3.0,10.500218,0.0,3.542611,1.0,22.620828
1176,1848890832.0,3.0,3.0,107.0,-1.0,52.70985,-1.0,4.0,142.954093,2.0,0.0,1.0,0.0,63.441317,4.0,8.165436,0.0,29.397849,1.0,70.491914
6272,1848890836.0,3.0,3.0,83.0,3.0,77.151701,-1.0,4.0,77.616814,1.0,0.0,1.0,0.0,87.746242,3.0,14.907541,0.0,4.873944,1.0,104.92181
1098,1848890838.0,3.0,4.0,158.0,1.0,2.243687,-1.0,4.0,59.366352,1.0,0.0,1.0,0.0,13.147035,-1.0,14.258143,0.0,6.420145,1.0,25.518932
985,1848890844.0,2.0,3.0,112.0,5.0,47.819148,-1.0,3.0,2.669418,1.0,0.0,1.0,0.0,58.06714,2.0,25.61164,1.0,50.606008,1.0,176.183491
6273,1848890850.0,4.0,2.0,159.0,3.0,1.205117,-1.0,3.0,76.525384,1.0,0.0,1.0,0.0,12.182525,3.0,91.884202,0.0,57.500901,1.0,118.519824
6274,1848890853.0,2.0,2.0,106.0,3.0,53.775399,-1.0,3.0,52.640323,2.0,0.0,0.0,0.0,64.728156,3.0,27.30773,0.0,14.363002,0.0,90.4905
1012,1848890855.0,3.0,3.0,122.0,0.0,37.943583,-1.0,3.0,52.639049,2.0,0.0,1.0,0.0,48.226066,3.0,69.714039,-1.0,17.927269,-1.0,9.202097
986,1848890859.0,3.0,4.0,148.0,5.0,12.412308,-1.0,3.0,37.641491,1.0,0.0,-1.0,0.0,22.913712,3.0,30.93392,1.0,9.563229,1.0,-1.0
997,1848890862.0,2.0,4.0,87.0,4.0,72.719806,-1.0,2.0,29.60653,1.0,0.0,1.0,0.0,83.188855,1.0,5.529897,0.0,22.280696,1.0,12.182128
1177,1848890864.0,4.0,2.0,107.0,-1.0,53.265447,-1.0,3.0,-1.0,1.0,0.0,1.0,0.0,64.197122,3.0,63.757289,1.0,25.446342,1.0,32.767575
1048,1848890870.0,3.0,2.0,113.0,8.0,46.966171,-1.0,2.0,99.637859,0.0,1.0,1.0,1.0,57.639077,1.0,70.334504,0.0,63.774988,1.0,143.763264
987,1848890876.0,4.0,2.0,156.0,5.0,3.773336,-1.0,4.0,15.358118,1.0,0.0,1.0,0.0,13.866355,3.0,4.913122,1.0,10.532149,1.0,14.382292
1090,1848890880.0,4.0,2.0,74.0,9.0,-1.0,-1.0,3.0,20.325787,1.0,0.0,1.0,0.0,-1.0,3.0,8.664805,0.0,61.737312,1.0,28.316111
1178,1848890884.0,4.0,3.0,80.0,-1.0,80.245844,-1.0,4.0,5.177779,1.0,0.0,-1.0,0.0,90.708911,3.0,36.030801,0.0,42.020654,1.0,168.609066
6275,1848890887.0,2.0,2.0,151.0,3.0,8.708912,-1.0,3.0,19.979494,1.0,0.0,0.0,0.0,19.219627,4.0,13.456041,1.0,17.828018,0.0,130.244145
6276,1848890893.0,-1.0,4.0,114.0,3.0,45.974164,-1.0,-1.0,-1.0,1.0,0.0,1.0,0.0,55.985495,3.0,44.711698,0.0,39.852536,1.0,60.026442
1013,1848890896.0,4.0,2.0,121.0,0.0,39.471044,-1.0,3.0,-1.0,1.0,0.0,1.0,0.0,49.992803,4.0,13.469174,1.0,34.319158,1.0,53.007014
1059,1848890902.0,3.0,4.0,146.0,6.0,13.92176,-1.0,4.0,127.785585,0.0,1.0,1.0,1.0,24.319632,3.0,2.589954,0.0,34.906952,1.0,30.16519
1179,1848890905.0,3.0,2.0,74.0,-1.0,-1.0,-1.0,-1.0,11.662855,1.0,0.0,1.0,0.0,-1.0,3.0,-1.0,0.0,10.360776,1.0,142.331138
6277,1848890908.0,3.0,3.0,126.0,3.0,34.439122,-1.0,4.0,103.748379,1.0,0.0,1.0,0.0,44.456001,-1.0,23.779444,1.0,23.848371,1.0,95.703857
998,1848890912.0,3.0,-1.0,88.0,4.0,71.969729,-1.0,3.0,10.409198,2.0,0.0,1.0,0.0,82.737216,3.0,73.207642,0.0,14.527511,1.0,130.543248
6278,1848890915.0,2.0,3.0,12.0,3.0,147.571976,-1.0,2.0,24.026387,1.0,-1.0,1.0,0.0,158.137589,3.0,73.168297,0.0,10.729116,-1.0,238.058283
6279,1848890918.0,4.0,2.0,117.0,3.0,42.64291,-1.0,2.0,18.341683,1.0,0.0,1.0,0.0,53.316749,4.0,9.900145,0.0,6.648027,1.0,104.646303
1049,1848890922.0,3.0,3.0,120.0,8.0,39.959314,-1.0,3.0,71.364792,1.0,-1.0,1.0,0.0,49.989132,2.0,62.346111,0.0,8.532431,1.0,27.582809
1057,1848890924.0,4.0,2.0,146.0,7.0,13.657694,-1.0,4.0,111.629065,1.0,-1.0,1.0,0.0,24.515701,1.0,-1.0,1.0,20.34854,1.0,62.609339
6280,1848890926.0,2.0,2.0,39.0,3.0,120.895168,-1.0,3.0,12.988905,1.0,-1.0,1.0,0.0,131.812684,3.0,12.509089,0.0,15.939043,1.0,1.887139
1099,1848890930.0,4.0,4.0,127.0,1.0,33.228256,-1.0,-1.0,76.402926,0.0,1.0,-1.0,1.0,43.435281,3.0,35.703632,0.0,20.757493,1.0,95.615451
6281,1848890932.0,3.0,3.0,140.0,3.0,19.837314,-1.0,3.0,8.09228,1.0,0.0,1.0,0.0,30.283147,2.0,-1.0,0.0,28.307998,-1.0,104.506174
6282,1848890935.0,2.0,-1.0,87.0,3.0,72.809508,-1.0,4.0,57.066831,1.0,0.0,0.0,0.0,83.333989,2.0,1.681877,1.0,40.052166,0.0,157.489592
6283,1848890941.0,4.0,3.0,148.0,3.0,11.613203,-1.0,3.0,10.686699,1.0,0.0,1.0,0.0,22.342199,3.0,51.160451,0.0,37.040214,1.0,91.172025
1180,1848890947.0,3.0,2.0,100.0,-1.0,59.802056,-1.0,4.0,51.040664,2.0,-1.0,0.0,0.0,70.173603,3.0,33.318401,1.0,1.663983,0.0,246.349855
1014,1848890949.0,4.0,4.0,133.0,0.0,27.377922,-1.0,3.0,43.194632,1.0,0.0,1.0,0.0,37.647503,1.0,71.747132,0.0,15.099761,1.0,143.533644
6284,1848890954.0,3.0,3.0,148.0,3.0,12.368611,-1.0,3.0,20.149205,2.0,0.0,1.0,0.0,22.865796,3.0,31.426046,0.0,10.339829,1.0,186.856763
6285,1848890958.0,3.0,2.0,155.0,3.0,4.827919,-1.0,3.0,84.594489,1.0,-1.0,-1.0,0.0,14.957925,3.0,-1.0,1.0,15.467503,1.0,126.691825
1061,1848890961.0,4.0,2.0,143.0,2.0,16.765555,-1.0,3.0,83.768662,1.0,0.0,1.0,0.0,27.090675,1.0,104.819934,0.0,1.544929,1.0,37.664185
1100,1848890966.0,4.0,4.0,74.0,1.0,-1.0,-1.0,-1.0,2.421057,1.0,0.0,1.0,0.0,-1.0,3.0,52.28557,0.0,5.619151,1.0,-1.0
1091,1848890969.0,3.0,2.0,43.0,9.0,117.42403,-1.0,4.0,88.269126,1.0,0.0,-1.0,0.0,127.484723,1.0,-1.0,1.0,14.332646,1.0,150.48276
1060,1848890971.0,3.0,2.0,127.0,6.0,32.698,-1.0,-1.0,53.245337,1.0,-1.0,1.0,0.0,43.456869,2.0,48.215819,1.0,57.133897,1.0,58.594473
1058,1848890974.0,3.0,2.0,119.0,7.0,40.786724,-1.0,-1.0,10.685346,1.0,-1.0,0.0,0.0,50.802347,3.0,105.447378,0.0,46.802659,0.0,142.590035
1061,1848890976.0,4.0,2.0,117.0,6.0,43.468058,-1.0,4.0,21.878324,1.0,0.0,1.0,0.0,54.301167,3.0,53.664839,0.0,15.521609,1.0,-1.0
1050,1848890982.0,2.0,2.0,138.0,8.0,21.935786,-1.0,3.0,11.878946,1.0,0.0,1.0,0.0,32.376812,1.0,27.308391,0.0,9.58655,1.0,222.439809
1059,1848890985.0,2.0,3.0,153.0,7.0,6.936291,-1.0,2.0,7.279604,2.0,0.0,1.0,0.0,17.048522,3.0,102.39232,0.0,75.346068,1.0,271.486624
1181,1848890990.0,4.0,4.0,131.0,-1.0,28.966902,-1.0,2.0,31.77849,1.0,0.0,1.0,0.0,39.05695,3.0,38.05598,0.0,31.840692,1.0,88.012457
6286,1848890995.0,2.0,4.0,71.0,3.0,88.957396,-1.0,2.0,11.694736,1.0,0.0,1.0,0.0,99.665828,4.0,26.456188,1.0,8.025237,1.0,31.772277
1062,1848891001.0,-1.0,2.0,74.0,6.0,-1.0,-1.0,2.0,32.414696,1.0,0.0,1.0,0.0,-1.0,3.0,38.182129,0.0,36.944242,1.0,27.565557
1062,1848891003.0,-1.0,4.0,75.0,2.0,85.242793,-1.0,3.0,39.800934,1.0,0.0,1.0,0.0,96.209201,4.0,2.926098,-1.0,35.585757,1.0,2.181019
6287,1848891009.0,4.0,3.0,156.0,3.0,4.483455,-1.0,2.0,1.837771,2.0,0.0,1.0,0.0,14.523962,1.0,107.831565,0.0,34.214408,1.0,25.753352
6288,1848891013.0,4.0,3.0,157.0,3.0,3.179423,-1.0,2.0,33.630634,2.0,0.0,1.0,0.0,13.489237,3.0,-1.0,0.0,17.502173,1.0,44.995306
6289,1848891015.0,4.0,3.0,131.0,3.0,28.848132,-1.0,2.0,101.493099,0.0,1.0,1.0,1.0,39.531372,1.0,60.273646,0.0,78.091418,1.0,13.647996
1101,1848891019.0,3.0,4.0,113.0,1.0,47.294944,-1.0,3.0,111.101335,1.0,0.0,1.0,0.0,58.241293,3.0,89.02797,0.0,5.342889,1.0,45.276057
6290,1848891021.0,2.0,3.0,158.0,3.0,2.069302,-1.0,2.0,18.726377,2.0,0.0,1.0,0.0,12.336175,-1.0,21.820412,1.0,43.655335,1.0,126.502716
6291,1848891023.0,3.0,3.0,120.0,3.0,40.321543,-1.0,2.0,41.857626,1.0,0.0,0.0,0.0,50.844187,2.0,67.975029,0.0,16.297268,0.0,52.112963
1102,1848891028.0,-1.0,3.0,148.0,1.0,11.946006,-1.0,2.0,2.809377,1.0,0.0,1.0,0.0,22.620432,3.0,68.441446,0.0,20.86915,1.0,129.853742
1103,1848891033.0,4.0,3.0,132.0,1.0,27.514556,-1.0,-1.0,47.421643,2.0,0.0,-1.0,0.0,37.850317,2.0,44.260997,0.0,0.781194,1.0,12.931321
1051,1848891036.0,3.0,4.0,144.0,8.0,15.948624,-1.0,4.0,0.594048,2.0,-1.0,1.0,0.0,26.073327,1.0,63.355493,1.0,23.56204,1.0,130.135363
999,1848891039.0,4.0,2.0,144.0,4.0,16.365413,-1.0,-1.0,7.267646,1.0,0.0,-1.0,0.0,26.506003,-1.0,101.199353,0.0,78.947357,1.0,13.258294
6292,1848891042.0,2.0,4.0,46.0,3.0,113.702821,-1.0,4.0,12.73855,1.0,-1.0,1.0,0.0,124.159784,1.0,2.776864,0.0,43.869325,1.0,56.120165
1092,1848891044.0,4.0,4.0,106.0,9.0,54.082878,-1.0,3.0,50.825398,1.0,0.0,1.0,0.0,64.271468,4.0,17.024256,0.0,14.465207,1.0,171.85379
1182,1848891047.0,3.0,4.0,155.0,-1.0,5.06129,-1.0,-1.0,-1.0,1.0,-1.0,-1.0,0.0,15.484564,1.0,55.334316,1.0,75.433308,0.0,75.484875
1063,1848891053.0,4.0,2.0,117.0,2.0,43.444314,-1.0,-1.0,26.41263,1.0,0.0,1.0,0.0,54.137204,4.0,20.228107,0.0,5.688385,-1.0,82.605661
6293,1848891055.0,2.0,2.0,117.0,3.0,42.563142,-1.0,3.0,19.944874,1.0,0.0,1.0,0.0,53.081336,-1.0,17.830358,0.0,42.552088,1.0,130.467712
6294,1848891061.0,3.0,3.0,151.0,3.0,8.86401,-1.0,3.0,-1.0,1.0,0.0,1.0,0.0,19.80043,4.0,40.335036,0.0,66.829757,1.0,68.190726
1052,1848891066.0,2.0,3.0,134.0,8.0,25.853311,-1.0,2.0,16.008434,1.0,-1.0,1.0,0.0,36.816227,3.0,10.68526,0.0,7.385219,1.0,150.331542
6295,1848891072.0,4.0,2.0,131.0,3.0,28.760391,-1.0,2.0,-1.0,1.0,0.0,1.0,0.0,39.647513,3.0,-1.0,0.0,15.464557,1.0,22.716719
988,1848891074.0,3.0,4.0,117.0,5.0,43.28059,-1.0,2.0,35.013796,1.0,0.0,0.0,0.0,53.9391,3.0,89.16484,0.0,50.677948,0.0,165.53889
1063,1848891080.0,2.0,3.0,26.0,6.0,134.18048,-1.0,4.0,43.48118,1.0,0.0,1.0,0.0,144.600299,3.0,3.152221,1.0,24.695259,1.0,137.013692
989,1848891083.0,2.0,4.0,126.0,5.0,33.530294,-1.0,3.0,40.81128,1.0,0.0,1.0,0.0,44.306628,-1.0,32.747029,0.0,19.038701,1.0,135.837562
6296,1848891085.0,4.0,2.0,23.0,3.0,136.710269,-1.0,4.0,26.379518,1.0,0.0,1.0,0.0,147.544,2.0,70.28217,0.0,52.247855,1.0,142.962925
6297,1848891091.0,2.0,4.0,126.0,3.0,34.060037,-1.0,2.0,27.656187,1.0,0.0,-1.0,0.0,44.337377,1.0,-1.0,1.0,58.966838,1.0,103.923157
6298,1848891094.0,-1.0,3.0,148.0,3.0,12.443467,-1.0,3.0,4.301582,1.0,0.0,1.0,0.0,22.80183,2.0,64.261407,1.0,73.806688,1.0,77.101561
6299,1848891099.0,3.0,4.0,122.0,3.0,37.986602,-1.0,4.0,28.828314,1.0,0.0,-1.0,0.0,48.29358,3.0,100.915799,0.0,54.432858,1.0,113.435946
1183,1848891105.0,4.0,2.0,128.0,-1.0,31.938766,-1.0,4.0,67.510242,1.0,0.0,0.0,0.0,42.853676,-1.0,43.189299,0.0,21.738133,0.0,82.564682
6300,1848891110.0,4.0,4.0,141.0,3.0,18.64918,-1.0,2.0,27.33854,2.0,0.0,1.0,0.0,28.808742,4.0,-1.0,0.0,22.196695,1.0,170.000498
1000,1848891116.0,3.0,3.0,124.0,4.0,36.07208,-1.0,3.0,-1.0,1.0,0.0,1.0,0.0,46.897143,1.0,58.079666,-1.0,0.389592,1.0,96.076073
6301,1848891118.0,-1.0,2.0,150.0,3.0,10.488028,-1.0,2.0,84.784035,1.0,0.0,1.0,0.0,20.820896,3.0,-1.0,0.0,40.871656,1.0,76.092017
6302,1848891124.0,4.0,-1.0,126.0,3.0,33.545725,-1.0,4.0,52.310761,1.0,0.0,1.0,0.0,44.212265,3.0,-1.0,0.0,3.232859,1.0,-1.0
1064,1848891129.0,2.0,3.0,121.0,2.0,38.782125,-1.0,-1.0,6.744687,1.0,0.0,1.0,0.0,49.562392,3.0,125.416369,0.0,76.652376,1.0,77.001945
6303,1848891131.0,2.0,4.0,117.0,3.0,43.242328,-1.0,3.0,48.386891,1.0,0.0,1.0,0.0,53.968692,3.0,94.188268,0.0,41.200133,1.0,131.235866
6304,1848891137.0,3.0,4.0,74.0,3.0,-1.0,-1.0,4.0,44.663581,1.0,0.0,1.0,0.0,-1.0,1.0,52.063714,0.0,14.31241,-1.0,12.426207
1104,1848891143.0,2.0,2.0,104.0,1.0,55.737859,-1.0,4.0,4.019063,1.0,0.0,-1.0,0.0,65.802624,3.0,105.16383,0.0,65.331298,0.0,2.361197
1105,1848891148.0,4.0,2.0,145.0,1.0,15.045501,-1.0,-1.0,59.094818,1.0,0.0,1.0,0.0,25.437902,2.0,28.806499,0.0,24.161893,1.0,96.791918
1065,1848891153.0,4.0,2.0,127.0,2.0,33.302335,-1.0,2.0,15.109184,1.0,0.0,1.0,0.0,43.372413,1.0,-1.0,0.0,30.27408,1.0,65.902428
6305,1848891159.0,3.0,3.0,139.0,3.0,21.11225,-1.0,2.0,72.559286,1.0,-1.0,1.0,0.0,31.219063,3.0,-1.0,0.0,17.024792,1.0,120.886893
6306,1848891161.0,2.0,-1.0,60.0,3.0,99.942418,-1.0,4.0,28.656887,1.0,0.0,1.0,0.0,110.094899,1.0,59.704427,0.0,17.619393,1.0,75.599526
1001,1848891167.0,2.0,3.0,113.0,4.0,46.935043,-1.0,3.0,75.882283,1.0,0.0,1.0,0.0,57.225355,3.0,37.815116,0.0,7.732325,1.0,42.433206
1002,1848891171.0,2.0,3.0,90.0,4.0,69.965932,-1.0,3.0,77.61442,1.0,-1.0,1.0,0.0,80.08514,4.0,55.672411,0.0,2.594353,1.0,62.780733
6307,1848891177.0,3.0,2.0,74.0,3.0,-1.0,-1.0,3.0,38.402536,2.0,-1.0,-1.0,0.0,-1.0,3.0,101.802496,0.0,11.814603,1.0,54.378765
6308,1848891182.0,3.0,2.0,74.0,3.0,-1.0,-1.0,4.0,25.341034,2.0,0.0,1.0,0.0,-1.0,1.0,41.972856,-1.0,10.666447,1.0,84.981689
1184,1848891185.0,3.0,3.0,107.0,-1.0,53.458872,-1.0,-1.0,34.855288,2.0,0.0,1.0,0.0,63.64768,3.0,-1.0,0.0,37.637862,1.0,157.551887
1053,1848891188.0,2.0,2.0,69.0,8.0,91.32885,-1.0,-1.0,20.001876,1.0,0.0,0.0,0.0,101.521088,3.0,38.684391,0.0,96.454228,0.0,20.649258
1054,1848891192.0,4.0,3.0,147.0,8.0,12.576022,-1.0,2.0,89.531864,1.0,0.0,1.0,0.0,22.953902,1.0,125.576281,0.0,40.62853,1.0,122.413203
1093,1848891196.0,4.0,2.0,143.0,9.0,16.958403,-1.0,2.0,21.189159,1.0,0.0,1.0,0.0,27.458213,3.0,77.454384,0.0,70.151679,1.0,43.369004
1064,1848891198.0,4.0,2.0,88.0,6.0,72.313713,-1.0,3.0,10.085824,2.0,0.0,1.0,0.0,83.007852,4.0,121.02159,0.0,15.419673,1.0,57.279344
6309,1848891204.0,3.0,4.0,130.0,3.0,29.618809,-1.0,3.0,23.853618,2.0,0.0,1.0,0.0,39.752146,3.0,23.472584,0.0,34.958375,1.0,269.44915
1066,1848891208.0,4.0,4.0,121.0,2.0,38.631172,-1.0,2.0,48.616593,2.0,0.0,1.0,0.0,48.723,1.0,9.042398,0.0,50.119106,1.0,99.901508
1060,1848891210.0,3.0,4.0,146.0,7.0,14.100441,-1.0,4.0,10.249565,1.0,0.0,0.0,0.0,24.612417,2.0,33.294789,1.0,32.328773,0.0,232.998853
1055,1848891212.0,3.0,4.0,71.0,8.0,88.51865,-1.0,3.0,32.41638,1.0,-1.0,1.0,0.0,98.795941,-1.0,105.939329,-1.0,23.464321,1.0,0.820973
1065,1848891216.0,2.0,2.0,92.0,6.0,67.731297,-1.0,-1.0,14.16239,1.0,0.0,1.0,0.0,78.221515,3.0,134.909855,0.0,35.810298,1.0,1.623459
6310,1848891222.0,4.0,3.0,78.0,3.0,82.196715,-1.0,3.0,128.369628,1.0,0.0,1.0,0.0,92.460842,3.0,20.938862,0.0,18.855839,1.0,147.33517
1061,1848891227.0,2.0,2.0,36.0,7.0,123.901681,-1.0,4.0,68.260398,1.0,-1.0,1.0,0.0,134.795796,3.0,91.504262,1.0,8.61421,1.0,136.315547
6311,1848891233.0,4.0,3.0,159.0,3.0,1.010903,-1.0,3.0,-1.0,2.0,0.0,1.0,0.0,11.563311,1.0,54.43895,0.0,6.414044,1.0,272.950611
1056,1848891239.0,4.0,2.0,109.0,8.0,51.320207,-1.0,-1.0,59.519452,1.0,0.0,1.0,0.0,61.727932,1.0,5.924713,1.0,77.736459,1.0,79.015556
1015,1848891245.0,3.0,2.0,134.0,0.0,26.320355,-1.0,4.0,16.882971,0.0,1.0,0.0,1.0,36.45611,3.0,20.998693,1.0,61.77017,0.0,82.280988
6312,1848891247.0,2.0,4.0,74.0,3.0,-1.0,-1.0,-1.0,88.659357,2.0,0.0,1.0,0.0,-1.0,3.0,38.371692,0.0,42.657122,1.0,210.49908
6313,1848891251.0,3.0,4.0,159.0,3.0,1.31448,-1.0,3.0,51.43234,1.0,0.0,-1.0,0.0,11.822445,-1.0,57.526679,-1.0,37.192282,1.0,81.476777
6314,1848891256.0,4.0,4.0,144.0,3.0,15.619505,-1.0,2.0,28.883976,1.0,0.0,1.0,0.0,25.804339,3.0,-1.0,0.0,33.704534,1.0,123.778502
6315,1848891262.0,4.0,3.0,151.0,3.0,8.717391,-1.0,2.0,25.581466,1.0,0.0,1.0,0.0,19.67393,2.0,27.92726,0.0,44.961279,1.0,81.883692
1106,1848891265.0,3.0,3.0,156.0,1.0,4.363628,-1.0,3.0,48.671086,1.0,0.0,-1.0,0.0,14.764528,3.0,42.05613,1.0,14.282709,1.0,155.167951
990,1848891271.0,2.0,4.0,147.0,5.0,12.772414,-1.0,3.0,11.176384,1.0,0.0,1.0,0.0,23.64741,1.0,25.237653,0.0,37.066225,1.0,66.016995
1016,1848891277.0,2.0,3.0,107.0,0.0,53.149003,-1.0,2.0,-1.0,1.0,0.0,-1.0,0.0,63.289712,-1.0,-1.0,0.0,15.198585,1.0,70.927868
1107,1848891282.0,2.0,4.0,152.0,1.0,7.931155,-1.0,4.0,1.149772,1.0,0.0,1.0,0.0,18.256163,-1.0,18.112441,1.0,14.865927,1.0,182.774407
6316,1848891287.0,2.0,4.0,122.0,3.0,38.06386,-1.0,2.0,57.048575,1.0,0.0,1.0,0.0,48.867717,-1.0,75.686372,0.0,36.278384,1.0,89.333624
1094,1848891289.0,3.0,2.0,125.0,9.0,34.553261,-1.0,4.0,15.76416,2.0,0.0,1.0,0.0,44.922412,2.0,23.259141,0.0,52.065945,-1.0,35.658784
6317,1848891292.0,4.0,4.0,90.0,3.0,69.98114,-1.0,4.0,-1.0,1.0,0.0,0.0,0.0,80.59992,4.0,0.880696,-1.0,25.575691,0.0,71.886452
1062,1848891296.0,3.0,3.0,79.0,7.0,81.151338,-1.0,2.0,-1.0,1.0,0.0,1.0,0.0,91.789339,1.0,74.005659,1.0,17.210543,1.0,162.491417
6318,1848891302.0,3.0,3.0,90.0,3.0,70.202831,-1.0,3.0,29.703181,1.0,0.0,1.0,0.0,80.338465,1.0,-1.0,0.0,8.380234,1.0,7.320271
1057,1848891305.0,2.0,3.0,155.0,8.0,5.451338,-1.0,4.0,76.439072,1.0,0.0,-1.0,0.0,16.191847,3.0,32.519721,0.0,40.194506,1.0,82.765281
1067,1848891310.0,4.0,2.0,135.0,2.0,24.848037,-1.0,-1.0,93.20746,2.0,0.0,1.0,0.0,35.246698,1.0,8.837945,0.0,25.660554,1.0,107.94932
1108,1848891313.0,3.0,2.0,74.0,1.0,-1.0,-1.0,4.0,9.742659,1.0,0.0,1.0,0.0,-1.0,2.0,12.822593,0.0,72.238525,1.0,68.136605
1017,1848891319.0,3.0,3.0,146.0,0.0,14.24156,-1.0,4.0,-1.0,2.0,-1.0,1.0,0.0,24.437563,1.0,-1.0,0.0,8.723932,1.0,98.033278
1109,1848891322.0,2.0,2.0,133.0,1.0,27.139444,-1.0,4.0,88.131329,1.0,0.0,1.0,0.0,38.058972,3.0,46.15847,0.0,37.127129,1.0,0.759971
1068,1848891326.0,4.0,3.0,119.0,2.0,40.879673,-1.0,2.0,-1.0,1.0,0.0,1.0,0.0,51.117683,4.0,34.058652,1.0,36.103331,1.0,25.555228
6319,1848891331.0,4.0,-1.0,158.0,3.0,1.785011,-1.0,2.0,-1.0,2.0,0.0,0.0,0.0,12.778166,2.0,-1.0,0.0,1.332916,0.0,9.267053
1063,1848891335.0,2.0,2.0,100.0,7.0,59.709051,-1.0,3.0,42.662862,0.0,1.0,1.0,1.0,70.318456,3.0,-1.0,0.0,1.696011,1.0,241.917509
1185,1848891341.0,3.0,2.0,132.0,-1.0,27.880652,-1.0,3.0,9.12069,1.0,0.0,1.0,0.0,38.729902,3.0,49.23823,0.0,19.050309,1.0,28.350998
1095,1848891346.0,2.0,2.0,132.0,9.0,28.232381,-1.0,2.0,1.623724,1.0,0.0,1.0,0.0,38.327907,3.0,27.782365,1.0,4.756745,1.0,20.186795
1066,1848891352.0,3.0,4.0,74.0,6.0,-1.0,-1.0,3.0,21.052563,1.0,0.0,-1.0,0.0,-1.0,2.0,5.16612,0.0,9.973503,1.0,56.710868
991,1848891357.0,2.0,-1.0,126.0,5.0,34.239265,-1.0,-1.0,62.337578,1.0,0.0,-1.0,0.0,44.34598,1.0,-1.0,0.0,4.708103,1.0,92.727608
1096,1848891360.0,4.0,2.0,82.0,9.0,78.384126,-1.0,2.0,21.280491,0.0,1.0,1.0,1.0,88.5488,4.0,27.631916,0.0,10.175239,1.0,20.744064
6320,1848891365.0,4.0,3.0,115.0,3.0,45.304074,-1.0,4.0,15.762203,0.0,1.0,1.0,1.0,55.65247,2.0,26.935437,0.0,35.907649,1.0,169.748036
6321,1848891369.0,4.0,4.0,148.0,3.0,12.23608,-1.0,-1.0,51.39887,1.0,0.0,-1.0,0.0,22.256119,1.0,7.276777,0.0,8.962293,1.0,79.747601
6322,1848891372.0,4.0,4.0,130.0,3.0,30.402904,-1.0,4.0,14.077437,1.0,0.0,-1.0,0.0,41.075265,-1.0,14.792341,0.0,36.683266,1.0,128.877344
6323,1848891374.0,3.0,4.0,108.0,3.0,51.847992,-1.0,4.0,119.592472,1.0,0.0,1.0,0.0,62.051567,2.0,6.815296,1.0,13.089605,1.0,-1.0
6324,1848891380.0,2.0,-1.0,21.0,3.0,138.869038,-1.0,2.0,67.454048,1.0,0.0,1.0,0.0,149.543805,1.0,12.115414,1.0,52.927383,1.0,4.866857
6325,1848891383.0,3.0,3.0,74.0,3.0,-1.0,-1.0,2.0,61.976561,1.0,0.0,1.0,0.0,-1.0,3.0,14.428434,0.0,75.953029,1.0,48.933409
1003,1848891387.0,4.0,3.0,56.0,4.0,103.716512,-1.0,4.0,-1.0,1.0,0.0,1.0,0.0,113.989298,3.0,36.216495,-1.0,50.567691,-1.0,106.337363
1058,1848891390.0,4.0,4.0,134.0,8.0,25.542115,-1.0,2.0,2.773664,2.0,-1.0,-1.0,0.0,35.635654,3.0,45.946002,0.0,33.142086,1.0,209.371553
6326,1848891393.0,4.0,4.0,116.0,3.0,44.327793,-1.0,4.0,35.00988,1.0,0.0,-1.0,0.0,54.978459,3.0,-1.0,0.0,40.740714,1.0,12.873565
1097,1848891397.0,4.0,-1.0,86.0,9.0,74.039297,-1.0,2.0,20.353336,1.0,0.0,1.0,0.0,84.29778,3.0,63.304186,0.0,2.345272,1.0,122.651321
1098,1848891400.0,2.0,4.0,141.0,9.0,18.595435,-1.0,2.0,56.533175,2.0,0.0,-1.0,0.0,28.934722,-1.0,12.881228,0.0,7.540107,1.0,129.905086
6327,1848891402.0,3.0,3.0,134.0,3.0,25.533565,-1.0,2.0,28.151778,0.0,1.0,-1.0,1.0,36.511738,1.0,116.099047,0.0,40.155628,1.0,83.938091
6328,1848891404.0,2.0,2.0,112.0,3.0,48.140265,-1.0,-1.0,26.259607,1.0,0.0,0.0,0.0,58.147295,3.0,23.844792,0.0,52.204233,0.0,107.98396
992,1848891409.0,2.0,2.0,149.0,5.0,11.391882,-1.0,3.0,19.887029,2.0,-1.0,1.0,0.0,21.665062,2.0,46.447908,-1.0,24.541945,1.0,151.195986
1110,1848891415.0,-1.0,4.0,103.0,1.0,56.748284,-1.0,-1.0,99.469632,0.0,1.0,1.0,1.0,67.581136,3.0,32.159151,0.0,10.013534,1.0,29.444449
1059,1848891418.0,4.0,4.0,13.0,8.0,146.89803,-1.0,2.0,4.585432,1.0,0.0,1.0,0.0,157.192532,1.0,156.879435,1.0,76.752462,1.0,95.708243
1186,1848891424.0,4.0,2.0,119.0,-1.0,40.533045,-1.0,4.0,25.982211,1.0,0.0,-1.0,0.0,51.451864,4.0,88.491993,0.0,25.771474,1.0,76.959316
6329,1848891426.0,-1.0,4.0,125.0,3.0,35.233375,-1.0,2.0,31.934343,0.0,1.0,1.0,1.0,46.191442,1.0,38.286996,0.0,8.335398,1.0,178.344397
1099,1848891429.0,3.0,3.0,142.0,9.0,18.046529,-1.0,3.0,21.535589,1.0,0.0,-1.0,0.0,28.346678,-1.0,-1.0,0.0,26.882178,1.0,14.005254
6330,1848891431.0,4.0,3.0,105.0,3.0,54.882642,-1.0,2.0,-1.0,2.0,0.0,1.0,0.0,65.606673,3.0,11.948667,0.0,3.358491,1.0,43.928773
6331,1848891433.0,2.0,2.0,121.0,3.0,38.703488,-1.0,3.0,52.362373,1.0,0.0,-1.0,0.0,49.508721,3.0,17.595237,0.0,17.052451,1.0,5.057581
1111,1848891436.0,3.0,3.0,74.0,1.0,-1.0,-1.0,-1.0,8.667507,2.0,0.0,1.0,0.0,-1.0,3.0,69.1352,-1.0,11.511841,1.0,99.459508
6332,1848891439.0,-1.0,3.0,94.0,3.0,65.962772,-1.0,4.0,54.551811,2.0,0.0,1.0,0.0,76.792921,1.0,88.188209,0.0,48.255121,1.0,147.685521
1004,1848891443.0,4.0,3.0,154.0,4.0,6.371315,-1.0,3.0,-1.0,1.0,-1.0,1.0,0.0,16.915328,1.0,12.555479,0.0,40.629334,1.0,90.692983
1100,1848891448.0,2.0,2.0,59.0,9.0,100.734142,-1.0,3.0,33.793032,0.0,1.0,-1.0,1.0,110.861821,3.0,91.167934,0.0,66.04285,1.0,142.044331
1018,1848891450.0,2.0,2.0,79.0,0.0,81.084139,-1.0,2.0,-1.0,2.0,0.0,1.0,0.0,91.653781,1.0,74.97736,0.0,9.2796,1.0,76.09892
1005,1848891452.0,2.0,2.0,138.0,4.0,21.534519,-1.0,3.0,9.166107,1.0,0.0,-1.0,0.0,31.752171,2.0,102.360357,1.0,10.261109,1.0,135.318839
1006,1848891456.0,-1.0,4.0,134.0,4.0,25.779462,-1.0,3.0,0.068418,1.0,0.0,-1.0,0.0,35.789947,2.0,64.399737,1.0,26.254646,0.0,125.683515
6333,1848891458.0,-1.0,3.0,90.0,3.0,69.87207,-1.0,-1.0,40.262616,2.0,0.0,1.0,0.0,80.664808,1.0,36.896698,0.0,82.527555,-1.0,8.380713
6334,1848891462.0,3.0,4.0,119.0,3.0,41.258715,-1.0,2.0,18.699579,1.0,0.0,1.0,0.0,51.908996,3.0,17.303826,-1.0,93.462459,1.0,83.167902
993,1848891465.0,3.0,3.0,123.0,5.0,37.407549,-1.0,3.0,26.175046,1.0,0.0,1.0,0.0,48.154201,3.0,4.580108,0.0,21.795654,1.0,12.965634
6335,1848891469.0,3.0,3.0,136.0,3.0,24.058708,-1.0,4.0,46.108269,1.0,0.0,-1.0,0.0,34.660311,2.0,-1.0,1.0,51.631791,1.0,170.162255
6336,1848891473.0,4.0,2.0,124.0,3.0,36.050796,-1.0,2.0,45.107092,1.0,0.0,-1.0,0.0,46.774666,3.0,-1.0,1.0,22.285952,1.0,29.902217
6337,1848891478.0,3.0,3.0,93.0,3.0,66.789445,-1.0,3.0,41.836057,1.0,0.0,0.0,0.0,77.501276,3.0,32.689272,0.0,50.363607,0.0,98.063383
1112,1848891484.0,2.0,4.0,139.0,1.0,21.064576,-1.0,2.0,2.635161,1.0,-1.0,0.0,0.0,31.964087,4.0,41.044606,0.0,9.402908,0.0,193.168872
6338,1848891487.0,2.0,3.0,157.0,3.0,2.854075,-1.0,3.0,17.321581,1.0,0.0,-1.0,0.0,13.190987,3.0,15.142643,0.0,11.316295,1.0,39.428688
1064,1848891491.0,2.0,4.0,156.0,7.0,3.810925,-1.0,3.0,-1.0,1.0,0.0,1.0,0.0,14.786808,3.0,-1.0,0.0,18.371567,1.0,219.484575
1007,1848891493.0,2.0,3.0,128.0,4.0,32.064119,-1.0,2.0,-1.0,1.0,0.0,-1.0,0.0,42.97231,3.0,-1.0,0.0,31.919842,1.0,162.04438
6339,1848891497.0,2.0,3.0,93.0,3.0,66.875781,-1.0,4.0,26.376434,2.0,0.0,1.0,0.0,77.26986,2.0,6.431912,0.0,51.22026,1.0,31.407074
6340,1848891499.0,3.0,4.0,94.0,3.0,66.184941,-1.0,3.0,-1.0,1.0,0.0,1.0,0.0,76.477841,2.0,54.943482,0.0,31.798908,1.0,50.864655
6341,1848891503.0,2.0,3.0,137.0,3.0,22.942508,-1.0,2.0,26.480183,1.0,0.0,0.0,0.0,33.214707,3.0,4.371705,0.0,1.5014,0.0,132.387794
1065,1848891505.0,4.0,2.0,159.0,7.0,1.449011,-1.0,2.0,7.267828,1.0,-1.0,1.0,0.0,11.590448,3.0,24.403875,0.0,71.1304,1.0,70.311303
6342,1848891507.0,2.0,3.0,140.0,3.0,20.143623,-1.0,4.0,-1.0,1.0,0.0,1.0,0.0,31.111673,3.0,95.260416,0.0,25.014924,1.0,85.22197
1187,1848891510.0,2.0,3.0,129.0,-1.0,31.122918,-1.0,3.0,109.346958,2.0,-1.0,1.0,0.0,41.281436,-1.0,100.5853,0.0,28.587957,1.0,87.53814
6343,1848891515.0,3.0,4.0,124.0,3.0,35.838509,-1.0,2.0,-1.0,0.0,1.0,-1.0,1.0,46.736393,3.0,-1.0,0.0,14.328509,1.0,271.411838
6344,1848891519.0,3.0,4.0,112.0,3.0,48.299297,-1.0,2.0,93.675699,1.0,-1.0,1.0,0.0,59.103251,2.0,12.894112,0.0,14.258953,1.0,41.776483
1188,1848891523.0,4.0,4.0,142.0,-1.0,17.6671,-1.0,4.0,13.216672,1.0,0.0,0.0,0.0,28.327623,4.0,64.067371,0.0,76.207684,0.0,90.799543
1067,1848891529.0,4.0,3.0,74.0,6.0,-1.0,-1.0,2.0,72.757346,1.0,0.0,1.0,0.0,-1.0,3.0,68.807236,0.0,45.185154,1.0,68.285384
994,1848891532.0,3.0,4.0,153.0,5.0,6.985,-1.0,4.0,44.851598,1.0,0.0,1.0,0.0,17.050519,4.0,54.994035,0.0,5.287837,1.0,277.282458
1019,1848891538.0,4.0,2.0,136.0,0.0,24.347931,-1.0,4.0,93.404944,1.0,0.0,1.0,0.0,34.496839,3.0,12.232134,0.0,0.913569,1.0,46.123398
1060,1848891541.0,2.0,2.0,154.0,8.0,6.356119,-1.0,2.0,47.038352,1.0,0.0,1.0,0.0,16.419182,1.0,117.931075,0.0,32.817754,1.0,152.235389
6345,1848891547.0,4.0,2.0,116.0,3.0,43.908613,-1.0,3.0,-1.0,2.0,0.0,-1.0,0.0,53.996056,3.0,68.482548,-1.0,49.824408,-1.0,30.001967
1069,1848891550.0,3.0,3.0,74.0,2.0,-1.0,-1.0,2.0,-1.0,1.0,0.0,1.0,0.0,-1.0,2.0,93.772519,1.0,2.594383,1.0,62.610033
1020,1848891553.0,3.0,2.0,149.0,0.0,11.301021,-1.0,3.0,7.094851,2.0,-1.0,1.0,0.0,21.435701,2.0,96.874062,1.0,2.837392,0.0,-1.0
6346,1848891555.0,3.0,2.0,74.0,3.0,-1.0,-1.0,2.0,25.593693,0.0,1.0,0.0,1.0,-1.0,1.0,33.944757,0.0,51.015344,0.0,156.243055
6347,1848891558.0,2.0,3.0,142.0,3.0,17.924748,-1.0,4.0,44.193362,1.0,0.0,1.0,0.0,28.719658,3.0,23.825288,-1.0,7.550353,1.0,56.447167
6348,1848891563.0,4.0,2.0,47.0,3.0,112.516353,-1.0,3.0,14.859013,2.0,0.0,1.0,0.0,123.363725,1.0,74.048893,0.0,10.741696,1.0,134.2573
995,1848891565.0,4.0,4.0,73.0,5.0,87.317243,-1.0,3.0,35.355287,1.0,0.0,1.0,0.0,98.241167,4.0,125.384677,1.0,70.019971,1.0,137.898715
1068,1848891568.0,2.0,3.0,93.0,6.0,67.495277,-1.0,4.0,9.605199,2.0,0.0,1.0,0.0,77.77727,3.0,-1.0,0.0,26.221378,1.0,110.499446
1069,1848891572.0,2.0,3.0,105.0,6.0,55.165786,-1.0,2.0,12.739359,1.0,0.0,-1.0,0.0,66.002813,-1.0,-1.0,0.0,65.168671,1.0,55.380635
1070,1848891577.0,3.0,2.0,120.0,6.0,40.317204,-1.0,2.0,24.859172,1.0,0.0,-1.0,0.0,50.96329,2.0,28.211229,0.0,57.949311,1.0,84.666192
1101,1848891580.0,2.0,3.0,116.0,9.0,44.481069,-1.0,4.0,89.200194,1.0,0.0,1.0,0.0,55.233022,3.0,-1.0,0.0,8.459995,1.0,148.522547
6349,1848891583.0,3.0,2.0,111.0,3.0,48.904169,-1.0,2.0,6.252246,2.0,0.0,1.0,0.0,59.189663,4.0,15.449663,0.0,9.580673,1.0,41.61042
996,1848891587.0,-1.0,2.0,154.0,5.0,6.170823,-1.0,2.0,27.881116,1.0,0.0,1.0,0.0,16.86718,3.0,123.118467,0.0,1.810292,1.0,11.494769
1070,1848891589.0,2.0,4.0,69.0,2.0,91.261855,-1.0,2.0,21.419314,1.0,0.0,1.0,0.0,101.404455,3.0,113.762044,0.0,39.753686,1.0,166.799707
997,1848891594.0,-1.0,3.0,74.0,5.0,-1.0,-1.0,2.0,22.565275,1.0,0.0,-1.0,0.0,-1.0,2.0,21.596213,0.0,24.835133,1.0,135.930256
1061,1848891597.0,2.0,3.0,118.0,8.0,41.736398,-1.0,4.0,17.104648,2.0,0.0,0.0,0.0,52.550901,-1.0,46.195237,1.0,21.666681,0.0,63.84181
6350,1848891602.0,3.0,2.0,132.0,3.0,28.114045,-1.0,-1.0,39.45352,2.0,0.0,1.0,0.0,38.170634,3.0,24.98733,0.0,71.368096,1.0,42.416853
6351,1848891604.0,4.0,4.0,121.0,3.0,39.499822,-1.0,4.0,139.50587,1.0,0.0,1.0,0.0,50.248922,1.0,21.926001,-1.0,26.326608,1.0,87.341295
6352,1848891606.0,3.0,3.0,121.0,3.0,39.079005,-1.0,2.0,27.451282,1.0,0.0,1.0,0.0,49.743021,1.0,75.440055,1.0,79.003703,1.0,128.096125
1021,1848891612.0,4.0,4.0,141.0,0.0,18.541869,-1.0,3.0,45.494848,1.0,0.0,1.0,0.0,28.632679,3.0,56.550407,0.0,26.228037,1.0,31.882353
998,1848891618.0,3.0,3.0,69.0,5.0,91.466758,-1.0,2.0,38.456382,0.0,1.0,1.0,1.0,101.728626,2.0,100.87887,0.0,61.544438,-1.0,2.253762
1066,1848891624.0,4.0,2.0,156.0,7.0,4.21967,-1.0,-1.0,14.170006,1.0,0.0,1.0,0.0,14.594956,1.0,42.946947,-1.0,23.117578,1.0,98.476044
6353,1848891629.0,2.0,3.0,74.0,3.0,85.866316,-1.0,4.0,79.835602,1.0,0.0,1.0,0.0,96.36496,2.0,67.378305,0.0,65.27166,1.0,54.001424
6354,1848891635.0,3.0,2.0,153.0,3.0,7.299103,-1.0,3.0,41.753452,1.0,0.0,1.0,0.0,18.298545,2.0,43.328293,0.0,54.040852,1.0,212.345452
1113,1848891641.0,2.0,2.0,154.0,1.0,6.323828,-1.0,2.0,43.378877,1.0,0.0,1.0,0.0,16.84936,-1.0,80.618193,1.0,98.72388,1.0,159.06254
1071,1848891647.0,3.0,2.0,71.0,2.0,88.8179,-1.0,3.0,8.147477,2.0,0.0,1.0,0.0,99.688784,3.0,33.529472,0.0,16.751833,1.0,128.883957
1008,1848891653.0,2.0,3.0,81.0,4.0,79.297454,-1.0,4.0,25.329744,1.0,0.0,-1.0,0.0,89.709603,2.0,32.403402,0.0,50.949594,1.0,177.173327
1072,1848891656.0,4.0,4.0,149.0,2.0,11.037474,-1.0,4.0,15.137162,2.0,0.0,1.0,0.0,21.535745,4.0,12.336924,0.0,18.320671,1.0,7.592119
6355,1848891658.0,3.0,3.0,97.0,3.0,62.528236,-1.0,2.0,5.260756,2.0,0.0,-1.0,0.0,73.219249,1.0,-1.0,0.0,6.62376,1.0,204.369981
1073,1848891662.0,4.0,4.0,133.0,2.0,26.534341,-1.0,3.0,-1.0,1.0,0.0,1.0,0.0,36.807411,1.0,13.047167,0.0,68.822639,1.0,41.955971
6356,1848891665.0,3.0,3.0,117.0,3.0,43.262311,-1.0,3.0,24.256105,1.0,0.0,1.0,0.0,53.703979,1.0,98.338638,1.0,4.329642,1.0,104.259067
1189,1848891669.0,4.0,2.0,97.0,-1.0,62.691535,-1.0,2.0,40.581284,2.0,0.0,0.0,0.0,73.421383,1.0,91.743553,0.0,49.202065,0.0,111.013422
1022,1848891672.0,2.0,-1.0,102.0,0.0,57.987447,-1.0,2.0,-1.0,1.0,0.0,1.0,0.0,68.949883,-1.0,63.432348,-1.0,13.117072,1.0,263.988052
1114,1848891674.0,4.0,2.0,74.0,1.0,85.78945,-1.0,3.0,-1.0,2.0,-1.0,1.0,0.0,96.208766,-1.0,3.928911,0.0,2.02573,1.0,181.524215
1067,1848891679.0,4.0,4.0,150.0,7.0,9.657208,-1.0,2.0,-1.0,1.0,0.0,0.0,0.0,20.040194,2.0,-1.0,1.0,7.557419,0.0,116.818953
1068,1848891685.0,2.0,2.0,102.0,7.0,57.727523,-1.0,3.0,41.870258,1.0,0.0,1.0,0.0,68.523526,3.0,33.252659,0.0,40.084317,1.0,165.633946
1009,1848891687.0,3.0,3.0,74.0,4.0,-1.0,-1.0,3.0,35.582357,1.0,0.0,1.0,0.0,-1.0,1.0,25.062142,0.0,10.817556,1.0,182.237474
1115,1848891693.0,4.0,4.0,144.0,1.0,15.607559,-1.0,-1.0,4.069774,2.0,0.0,1.0,0.0,26.151858,3.0,-1.0,-1.0,45.021411,1.0,21.15946
1190,1848891695.0,4.0,2.0,112.0,-1.0,47.603793,-1.0,2.0,13.982923,1.0,0.0,1.0,0.0,57.772255,-1.0,128.293592,1.0,62.462009,1.0,23.263999
6357,1848891700.0,2.0,4.0,62.0,3.0,98.367415,-1.0,4.0,59.887468,1.0,-1.0,1.0,0.0,108.685674,1.0,-1.0,0.0,2.479126,1.0,48.29989
6358,1848891704.0,4.0,2.0,92.0,3.0,68.494848,-1.0,3.0,1.690313,1.0,0.0,1.0,0.0,79.453091,-1.0,27.434809,1.0,36.818328,1.0,11.047752
1116,1848891708.0,4.0,4.0,87.0,1.0,73.19526,-1.0,3.0,127.266973,2.0,0.0,1.0,0.0,84.030003,1.0,41.309597,0.0,4.409989,1.0,195.887152
1117,1848891711.0,3.0,3.0,144.0,1.0,15.522216,-1.0,4.0,67.510738,0.0,1.0,1.0,1.0,26.314152,4.0,6.906663,0.0,19.027361,1.0,137.263384
1191,1848891717.0,4.0,3.0,137.0,-1.0,23.113472,-1.0,2.0,22.337643,0.0,1.0,1.0,1.0,33.865151,-1.0,15.895012,-1.0,42.547456,1.0,38.121146
999,1848891720.0,2.0,3.0,133.0,5.0,27.189611,-1.0,2.0,43.730818,2.0,0.0,-1.0,0.0,37.705628,3.0,65.521213,0.0,48.906344,1.0,19.088954
1023,1848891722.0,2.0,4.0,79.0,0.0,80.71363,-1.0,2.0,46.993149,1.0,0.0,1.0,0.0,90.737624,4.0,91.89361,-1.0,14.396278,1.0,85.341638
1024,1848891725.0,4.0,4.0,143.0,0.0,16.811908,-1.0,2.0,58.193686,1.0,0.0,-1.0,0.0,27.136757,1.0,123.925025,0.0,16.124125,1.0,177.69744
6359,1848891727.0,3.0,3.0,145.0,3.0,14.766145,-1.0,4.0,43.685896,2.0,0.0,-1.0,0.0,25.356154,2.0,13.573461,0.0,21.613027,1.0,189.465433
1000,1848891729.0,3.0,3.0,99.0,5.0,60.664631,-1.0,4.0,48.563463,2.0,0.0,1.0,0.0,71.293471,3.0,50.845415,-1.0,25.884017,1.0,12.758812
1025,1848891735.0,3.0,2.0,114.0,0.0,45.554167,-1.0,4.0,54.789473,2.0,0.0,1.0,0.0,55.658837,4.0,7.531878,0.0,29.703162,-1.0,120.593158
6360,1848891741.0,4.0,4.0,156.0,3.0,3.697591,-1.0,4.0,-1.0,1.0,0.0,1.0,0.0,14.409483,3.0,52.240606,0.0,9.451959,1.0,42.252554
1069,1848891744.0,3.0,2.0,73.0,7.0,86.716931,-1.0,3.0,28.896436,1.0,0.0,1.0,0.0,97.656499,-1.0,-1.0,0.0,30.880368,1.0,10.608192
6361,1848891748.0,2.0,3.0,110.0,3.0,50.344448,-1.0,4.0,46.193336,1.0,0.0,-1.0,0.0,60.516772,2.0,53.952425,-1.0,47.749281,1.0,114.598695
6362,1848891751.0,3.0,3.0,150.0,3.0,9.679096,-1.0,4.0,7.35586,0.0,1.0,1.0,1.0,20.325712,-1.0,35.609365,1.0,36.623173,1.0,114.252913
6363,1848891755.0,2.0,2.0,106.0,3.0,53.867925,-1.0,-1.0,7.435785,2.0,0.0,0.0,0.0,64.134312,3.0,24.01473,1.0,14.535875,0.0,74.116661
6364,1848891760.0,4.0,3.0,154.0,3.0,5.865683,-1.0,2.0,8.426451,0.0,1.0,1.0,1.0,16.851104,2.0,94.517037,0.0,22.978327,1.0,185.133168
1062,1848891766.0,4.0,2.0,105.0,8.0,55.465325,-1.0,4.0,53.177486,0.0,1.0,-1.0,1.0,66.464681,2.0,124.463428,0.0,30.099167,-1.0,122.131859
6365,1848891768.0,2.0,4.0,154.0,3.0,5.744713,-1.0,2.0,117.822751,1.0,0.0,1.0,0.0,15.745401,4.0,59.92932,0.0,90.366084,1.0,279.683195
6366,1848891774.0,2.0,3.0,36.0,3.0,123.733898,-1.0,4.0,2.066177,1.0,0.0,1.0,0.0,134.395127,3.0,120.022959,0.0,13.520152,1.0,32.209265
1102,1848891777.0,4.0,4.0,139.0,9.0,21.004539,-1.0,3.0,14.876184,2.0,0.0,1.0,0.0,31.035972,4.0,4.683434,0.0,12.82036,1.0,50.353537
6367,1848891781.0,3.0,4.0,57.0,3.0,102.791132,-1.0,2.0,-1.0,1.0,0.0,1.0,0.0,113.164828,1.0,17.796152,0.0,50.174218,1.0,167.753253
1001,1848891786.0,2.0,4.0,79.0,5.0,80.991616,-1.0,4.0,7.269705,1.0,-1.0,1.0,0.0,91.712227,-1.0,7.735784,-1.0,45.961867,1.0,137.614491
1026,1848891790.0,3.0,3.0,76.0,0.0,83.805998,-1.0,-1.0,14.600796,1.0,0.0,1.0,0.0,94.80049,4.0,11.552,-1.0,19.038123,1.0,30.745238
6368,1848891793.0,3.0,4.0,123.0,3.0,36.80692,-1.0,3.0,38.268432,2.0,0.0,0.0,0.0,47.600893,-1.0,-1.0,0.0,47.269961,0.0,134.29094
1074,1848891798.0,3.0,3.0,14.0,2.0,146.320713,-1.0,2.0,-1.0,1.0,0.0,-1.0,0.0,156.996421,4.0,-1.0,1.0,11.612729,0.0,22.620021
1010,1848891802.0,-1.0,2.0,146.0,4.0,14.081228,-1.0,2.0,41.929503,0.0,1.0,1.0,1.0,24.723112,4.0,66.430112,0.0,30.312588,1.0,32.877162
1071,1848891806.0,2.0,4.0,157.0,6.0,3.015812,-1.0,3.0,6.911626,1.0,0.0,-1.0,0.0,13.194468,1.0,75.041061,0.0,82.569918,1.0,73.856092
1103,1848891810.0,2.0,2.0,150.0,9.0,9.916017,-1.0,3.0,53.567925,1.0,0.0,1.0,0.0,20.245809,-1.0,27.660436,0.0,40.942107,1.0,102.899792
6369,1848891812.0,4.0,3.0,154.0,3.0,6.173472,-1.0,2.0,6.526261,0.0,1.0,-1.0,1.0,16.27938,1.0,18.61236,0.0,27.299276,0.0,80.089911
6370,1848891818.0,3.0,2.0,62.0,3.0,98.338743,-1.0,2.0,61.268681,1.0,-1.0,1.0,0.0,108.86209,3.0,38.398348,-1.0,24.23662,1.0,81.175462
6371,1848891823.0,3.0,4.0,114.0,3.0,45.618567,-1.0,4.0,43.621774,1.0,0.0,0.0,0.0,55.903067,3.0,72.893372,0.0,25.433407,0.0,129.863154
6372,1848891829.0,2.0,3.0,157.0,3.0,3.090369,-1.0,4.0,61.898408,1.0,0.0,-1.0,0.0,13.452126,3.0,68.450469,0.0,25.877105,1.0,81.683833
1075,1848891832.0,4.0,4.0,119.0,2.0,40.976579,-1.0,2.0,-1.0,2.0,0.0,1.0,0.0,51.375793,3.0,14.464501,0.0,12.235993,1.0,95.195131
1076,1848891837.0,2.0,3.0,140.0,2.0,19.782452,-1.0,3.0,75.12776,1.0,0.0,0.0,0.0,29.864814,4.0,84.440702,0.0,7.671608,0.0,68.783712
6373,1848891842.0,3.0,3.0,154.0,3.0,5.534633,-1.0,2.0,2.969,2.0,0.0,1.0,0.0,15.943776,3.0,39.628038,0.0,30.27619,1.0,50.725614
1118,1848891846.0,2.0,3.0,140.0,1.0,20.209016,-1.0,4.0,27.528789,1.0,-1.0,1.0,0.0,30.895053,2.0,27.690438,-1.0,3.652867,1.0,106.838949
1072,1848891849.0,3.0,3.0,142.0,6.0,18.043694,-1.0,-1.0,32.579944,1.0,0.0,1.0,0.0,28.140259,4.0,41.566224,0.0,0.674946,1.0,172.17795
6374,1848891854.0,2.0,2.0,86.0,3.0,74.213476,-1.0,-1.0,67.030296,1.0,0.0,1.0,0.0,84.390205,1.0,60.777199,-1.0,37.045916,1.0,119.477888
1119,1848891859.0,2.0,3.0,156.0,1.0,4.254152,-1.0,2.0,52.662799,1.0,0.0,1.0,0.0,14.625988,3.0,79.796552,1.0,53.935026,1.0,174.833712
1073,1848891864.0,4.0,3.0,91.0,6.0,68.681411,-1.0,3.0,53.97041,2.0,0.0,1.0,0.0,79.091607,4.0,35.480468,0.0,51.544492,1.0,136.923704
1120,1848891869.0,3.0,4.0,150.0,1.0,10.118198,-1.0,4.0,15.39264,1.0,0.0,1.0,0.0,20.5319,-1.0,52.673665,0.0,6.515675,1.0,65.808983
1074,1848891875.0,2.0,2.0,48.0,6.0,112.297864,-1.0,-1.0,45.257157,1.0,0.0,1.0,0.0,122.774138,2.0,118.754742,0.0,36.974082,1.0,160.946809
1070,1848891881.0,2.0,4.0,90.0,7.0,69.783932,-1.0,4.0,16.639651,1.0,0.0,-1.0,0.0,80.192816,3.0,39.871152,0.0,3.238317,1.0,99.128178
6375,1848891883.0,2.0,3.0,93.0,3.0,66.817042,-1.0,4.0,25.382658,1.0,0.0,-1.0,0.0,77.322434,4.0,88.126226,0.0,25.328411,1.0,66.642498
1011,1848891889.0,3.0,4.0,103.0,4.0,57.209497,-1.0,2.0,5.062099,1.0,0.0,-1.0,0.0,67.77393,2.0,-1.0,0.0,15.228849,0.0,146.037244
6376,1848891894.0,3.0,3.0,67.0,3.0,93.162206,-1.0,2.0,95.450123,1.0,-1.0,-1.0,0.0,103.810178,3.0,-1.0,1.0,40.501463,1.0,104.700024
1104,1848891897.0,4.0,2.0,144.0,9.0,16.190292,-1.0,2.0,68.286612,2.0,0.0,1.0,0.0,26.698351,-1.0,10.05831,0.0,0.14645,1.0,232.718386
1063,1848891903.0,2.0,3.0,137.0,8.0,22.567909,-1.0,2.0,98.065337,1.0,0.0,1.0,0.0,33.535782,3.0,35.39224,1.0,45.869826,1.0,13.785543
1192,1848891908.0,3.0,2.0,139.0,-1.0,21.3605,-1.0,2.0,27.526947,2.0,0.0,-1.0,0.0,31.75348,3.0,-1.0,0.0,46.478452,-1.0,-1.0
6377,1848891910.0,-1.0,3.0,145.0,3.0,15.176244,-1.0,4.0,60.268646,1.0,0.0,1.0,0.0,25.971722,2.0,4.678537,0.0,36.996957,1.0,78.61516
6378,1848891912.0,4.0,2.0,149.0,3.0,10.993807,-1.0,2.0,36.037586,1.0,0.0,1.0,0.0,21.221765,2.0,66.49796,0.0,27.967237,1.0,103.353148
6379,1848891916.0,2.0,2.0,85.0,3.0,75.40409,-1.0,4.0,27.5655,1.0,0.0,1.0,0.0,85.540515,1.0,-1.0,1.0,19.195434,-1.0,7.955922
6380,1848891922.0,4.0,3.0,73.0,3.0,86.965886,-1.0,3.0,-1.0,1.0,0.0,1.0,0.0,97.516571,3.0,50.909816,0.0,11.389639,1.0,25.408589
6381,1848891928.0,3.0,4.0,91.0,3.0,68.666874,-1.0,4.0,56.638725,1.0,0.0,1.0,0.0,79.433321,4.0,42.410653,-1.0,56.539561,1.0,64.58271
6382,1848891934.0,2.0,3.0,135.0,3.0,24.630321,-1.0,3.0,76.201947,1.0,0.0,1.0,0.0,35.412439,2.0,24.079722,0.0,36.539265,1.0,24.665552
1077,1848891940.0,2.0,2.0,149.0,2.0,11.05973,-1.0,4.0,10.78873,2.0,0.0,1.0,0.0,21.125625,3.0,1.526265,0.0,4.146163,1.0,118.379647
1121,1848891942.0,3.0,4.0,82.0,1.0,77.980369,-1.0,3.0,55.945558,1.0,0.0,1.0,0.0,88.500768,3.0,31.604773,0.0,39.578497,0.0,205.312706
1071,1848891945.0,3.0,2.0,153.0,7.0,7.066942,-1.0,3.0,66.046083,1.0,0.0,1.0,0.0,18.041469,1.0,36.475759,-1.0,4.4228,1.0,192.119502
1105,1848891948.0,3.0,2.0,64.0,9.0,96.449223,-1.0,2.0,116.992775,1.0,0.0,0.0,0.0,106.498497,3.0,110.255814,1.0,61.803424,0.0,86.931466
1072,1848891952.0,4.0,3.0,126.0,7.0,34.23835,-1.0,4.0,135.141117,1.0,0.0,1.0,0.0,44.828158,2.0,30.878774,0.0,9.302303,1.0,205.207729
1075,1848891957.0,3.0,2.0,158.0,6.0,2.152305,-1.0,4.0,5.904166,1.0,0.0,-1.0,0.0,12.764633,3.0,57.990367,0.0,9.776007,1.0,89.793728
1012,1848891963.0,3.0,2.0,154.0,4.0,5.753211,-1.0,4.0,43.593143,1.0,0.0,1.0,0.0,16.167629,4.0,59.084243,0.0,38.413272,1.0,14.67841
1076,1848891969.0,4.0,4.0,50.0,6.0,110.336847,-1.0,4.0,31.497854,1.0,-1.0,1.0,0.0,121.10227,3.0,27.881555,0.0,30.875524,1.0,12.795255
1078,1848891974.0,4.0,3.0,155.0,2.0,5.108402,-1.0,4.0,24.661039,1.0,0.0,1.0,0.0,15.914735,3.0,98.863301,1.0,8.605329,1.0,168.225948
6383,1848891977.0,4.0,2.0,109.0,3.0,50.89739,-1.0,2.0,123.233525,1.0,0.0,1.0,0.0,61.464625,1.0,-1.0,0.0,4.614951,1.0,216.256532
6384,1848891982.0,4.0,4.0,157.0,3.0,2.767062,-1.0,4.0,-1.0,1.0,0.0,-1.0,0.0,13.485977,3.0,6.720454,0.0,22.139743,1.0,126.342526
1013,1848891984.0,2.0,2.0,111.0,4.0,48.717476,-1.0,3.0,46.546719,1.0,0.0,1.0,0.0,59.29032,3.0,49.426888,0.0,5.886734,1.0,-1.0
1079,1848891986.0,2.0,4.0,119.0,2.0,40.955468,-1.0,2.0,27.62945,2.0,0.0,1.0,0.0,51.219215,3.0,70.699528,0.0,6.73815,1.0,14.675479
1027,1848891991.0,3.0,2.0,74.0,0.0,-1.0,-1.0,3.0,109.570302,1.0,0.0,1.0,0.0,-1.0,2.0,22.754041,0.0,38.321416,1.0,170.998671
1073,1848891993.0,4.0,2.0,143.0,7.0,17.026637,-1.0,2.0,6.308302,1.0,-1.0,0.0,0.0,27.166225,3.0,8.797582,1.0,34.369155,0.0,6.776888
1080,1848891998.0,2.0,3.0,125.0,2.0,34.747368,-1.0,3.0,52.369735,1.0,0.0,1.0,0.0,45.346455,1.0,-1.0,1.0,10.422898,1.0,15.438075
6385,1848892000.0,3.0,2.0,32.0,3.0,128.316735,-1.0,4.0,13.92661,1.0,0.0,1.0,0.0,138.713597,3.0,-1.0,0.0,38.310689,0.0,36.889248
1028,1848892003.0,2.0,4.0,123.0,0.0,36.864152,-1.0,4.0,93.417153,1.0,-1.0,1.0,0.0,47.693447,4.0,31.518392,0.0,27.08863,1.0,188.167277
6386,1848892005.0,2.0,3.0,113.0,3.0,46.875371,-1.0,3.0,6.750133,1.0,0.0,1.0,0.0,57.361366,3.0,-1.0,0.0,52.007896,1.0,260.058907
1106,1848892008.0,3.0,3.0,155.0,9.0,4.844553,-1.0,2.0,97.787289,1.0,-1.0,1.0,0.0,15.296172,3.0,133.856688,0.0,43.073638,1.0,26.939086
1014,1848892013.0,3.0,2.0,124.0,4.0,36.043518,-1.0,4.0,24.623651,1.0,0.0,1.0,0.0,46.474381,1.0,51.071905,0.0,12.424134,1.0,103.948523
1074,1848892015.0,3.0,3.0,143.0,7.0,17.378845,-1.0,-1.0,-1.0,2.0,0.0,1.0,0.0,27.955751,4.0,60.674079,1.0,33.538074,1.0,81.387664
6387,1848892021.0,2.0,2.0,87.0,3.0,73.217853,-1.0,2.0,37.765855,0.0,1.0,-1.0,1.0,83.758252,4.0,1.210562,0.0,68.047894,1.0,41.849965
1002,1848892026.0,4.0,3.0,157.0,5.0,3.053925,-1.0,2.0,2.388805,1.0,0.0,-1.0,0.0,13.089414,4.0,131.542203,1.0,68.166183,1.0,29.04612
1075,1848892031.0,3.0,3.0,149.0,7.0,11.221585,-1.0,3.0,37.445716,0.0,1.0,1.0,1.0,21.230759,-1.0,71.167577,0.0,35.917974,1.0,26.285937
6388,1848892033.0,2.0,2.0,80.0,3.0,80.341659,-1.0,4.0,22.309791,0.0,1.0,0.0,1.0,91.289323,-1.0,54.180048,1.0,16.893419,0.0,50.26095
1015,1848892038.0,3.0,3.0,95.0,4.0,64.784696,-1.0,3.0,63.368584,1.0,0.0,1.0,0.0,75.257708,1.0,-1.0,0.0,51.049373,1.0,197.499769
1107,1848892041.0,3.0,4.0,91.0,9.0,68.941249,-1.0,2.0,17.019856,1.0,0.0,1.0,0.0,79.539182,3.0,59.704256,0.0,38.650271,-1.0,108.228893
1003,1848892046.0,2.0,2.0,79.0,5.0,80.612158,-1.0,4.0,131.588654,2.0,0.0,1.0,0.0,91.164672,2.0,62.624292,0.0,7.922485,1.0,141.300108
6389,1848892051.0,3.0,3.0,133.0,3.0,26.672181,-1.0,3.0,-1.0,2.0,0.0,1.0,0.0,37.260827,3.0,2.032305,0.0,3.524078,1.0,93.965763
1193,1848892053.0,4.0,4.0,55.0,-1.0,105.474684,-1.0,4.0,-1.0,1.0,0.0,1.0,0.0,116.128662,2.0,23.032281,1.0,21.63363,1.0,77.415383
1016,1848892057.0,4.0,3.0,117.0,4.0,43.357507,-1.0,2.0,2.642811,1.0,0.0,1.0,0.0,53.377739,-1.0,84.05815,0.0,27.429701,0.0,164.16752
6390,1848892060.0,2.0,3.0,156.0,3.0,4.389362,-1.0,3.0,55.256171,1.0,0.0,1.0,0.0,15.282714,2.0,92.034828,0.0,27.967892,1.0,26.665494
1029,1848892066.0,3.0,2.0,80.0,0.0,80.229865,-1.0,2.0,60.261231,1.0,0.0,1.0,0.0,91.077031,2.0,-1.0,-1.0,35.005274,0.0,158.766991
1194,1848892070.0,4.0,4.0,136.0,-1.0,24.435967,-1.0,4.0,23.374721,1.0,0.0,-1.0,0.0,35.341368,4.0,9.38122,0.0,22.565566,1.0,121.835501
6391,1848892073.0,2.0,3.0,104.0,3.0,55.889599,-1.0,-1.0,19.126691,1.0,0.0,0.0,0.0,66.455706,3.0,-1.0,0.0,51.935661,0.0,203.995364
1081,1848892079.0,3.0,4.0,113.0,2.0,47.412286,-1.0,4.0,111.790565,1.0,0.0,1.0,0.0,57.710779,3.0,13.372251,-1.0,1.861526,1.0,83.539247
1077,1848892081.0,3.0,4.0,86.0,6.0,74.435179,-1.0,3.0,-1.0,1.0,0.0,1.0,0.0,85.272762,3.0,72.628231,0.0,2.777221,1.0,57.877652
6392,1848892083.0,3.0,-1.0,133.0,3.0,27.031784,-1.0,3.0,-1.0,1.0,0.0,1.0,0.0,37.579359,3.0,19.872117,0.0,11.22503,-1.0,153.785915
6393,1848892088.0,2.0,2.0,111.0,3.0,48.690723,-1.0,-1.0,129.794578,1.0,0.0,1.0,0.0,59.247615,4.0,12.586762,0.0,1.030117,1.0,108.171372
6394,1848892092.0,2.0,2.0,74.0,3.0,-1.0,-1.0,4.0,14.387277,1.0,-1.0,-1.0,0.0,-1.0,4.0,37.881235,0.0,77.714161,1.0,34.895033
6395,1848892094.0,2.0,2.0,135.0,3.0,24.677591,-1.0,-1.0,69.321773,1.0,0.0,1.0,0.0,34.832969,1.0,57.657974,1.0,9.152122,1.0,99.136154
6396,1848892097.0,4.0,2.0,69.0,3.0,90.81791,-1.0,-1.0,2.220409,1.0,0.0,1.0,0.0,101.776899,3.0,58.579207,0.0,55.141262,1.0,223.502316
1108,1848892101.0,4.0,4.0,140.0,9.0,20.183278,-1.0,4.0,18.01729,1.0,0.0,0.0,0.0,30.303075,2.0,2.520416,0.0,51.895075,0.0,96.403774
1030,1848892103.0,2.0,2.0,75.0,0.0,84.951463,-1.0,4.0,44.381585,2.0,0.0,1.0,0.0,95.589879,2.0,105.735472,0.0,36.006366,1.0,128.939912
1064,1848892109.0,3.0,4.0,150.0,8.0,9.92231,-1.0,-1.0,-1.0,1.0,0.0,-1.0,0.0,20.88542,2.0,18.831254,-1.0,11.519628,1.0,17.89412
1004,1848892112.0,4.0,2.0,159.0,5.0,1.348402,-1.0,4.0,51.771697,1.0,0.0,1.0,0.0,11.456893,2.0,13.190044,0.0,5.019279,1.0,256.739083
1195,1848892116.0,2.0,2.0,74.0,-1.0,-1.0,-1.0,2.0,58.421896,1.0,0.0,-1.0,0.0,-1.0,-1.0,19.088918,0.0,16.631047,1.0,20.993579
6397,1848892119.0,4.0,3.0,57.0,3.0,102.854861,-1.0,2.0,93.425821,1.0,0.0,1.0,0.0,113.643668,2.0,-1.0,-1.0,20.922404,1.0,142.377527
1065,1848892122.0,2.0,3.0,132.0,8.0,27.802661,-1.0,2.0,-1.0,1.0,0.0,1.0,0.0,37.955802,1.0,58.382767,0.0,65.894202,1.0,55.618678
1066,1848892125.0,2.0,3.0,110.0,8.0,50.018033,-1.0,2.0,48.507631,1.0,0.0,1.0,0.0,60.905442,2.0,10.27408,0.0,40.146435,1.0,86.479144
1122,1848892129.0,3.0,4.0,125.0,1.0,35.254927,-1.0,2.0,42.243907,0.0,1.0,1.0,1.0,45.573322,1.0,32.719568,0.0,83.022243,1.0,45.276782
1109,1848892134.0,4.0,3.0,73.0,9.0,86.927559,-1.0,4.0,35.695092,1.0,-1.0,0.0,0.0,97.080257,3.0,20.718918,0.0,2.018558,0.0,24.795564
1078,1848892137.0,4.0,3.0,121.0,6.0,39.289277,-1.0,2.0,147.170862,2.0,-1.0,1.0,0.0,49.954773,4.0,-1.0,0.0,44.143534,1.0,23.266881
6398,1848892143.0,4.0,2.0,140.0,3.0,19.802494,-1.0,3.0,31.845653,2.0,0.0,1.0,0.0,30.177608,1.0,136.642472,-1.0,22.07082,1.0,65.84445
1031,1848892145.0,3.0,4.0,74.0,0.0,-1.0,-1.0,2.0,89.019706,1.0,0.0,-1.0,0.0,-1.0,-1.0,88.290806,0.0,52.171459,1.0,17.565972
6399,1848892148.0,2.0,3.0,153.0,3.0,6.644174,-1.0,3.0,72.908078,1.0,0.0,0.0,0.0,17.588661,1.0,3.343214,1.0,44.369227,0.0,113.753462
1067,1848892151.0,4.0,3.0,74.0,8.0,-1.0,-1.0,2.0,66.391411,0.0,1.0,-1.0,1.0,-1.0,1.0,7.231783,0.0,59.461259,1.0,13.083694
6400,1848892153.0,3.0,2.0,121.0,3.0,38.599725,-1.0,3.0,54.203594,1.0,0.0,1.0,0.0,48.961092,2.0,14.116931,1.0,21.204275,1.0,89.521865
6401,1848892155.0,4.0,3.0,115.0,3.0,45.198334,-1.0,2.0,137.748552,1.0,0.0,1.0,0.0,55.589841,3.0,77.867638,1.0,2.166247,1.0,154.45375
1017,1848892161.0,-1.0,4.0,139.0,4.0,21.329153,-1.0,2.0,88.127922,1.0,0.0,1.0,0.0,31.336477,3.0,63.573847,0.0,44.483011,1.0,-1.0
6402,1848892166.0,4.0,2.0,108.0,3.0,52.102592,-1.0,3.0,-1.0,2.0,0.0,-1.0,0.0,62.298195,1.0,77.894369,0.0,20.14142,1.0,125.637009
1079,1848892169.0,4.0,2.0,119.0,6.0,40.626389,-1.0,3.0,5.273029,1.0,0.0,-1.0,0.0,51.37381,3.0,12.693207,0.0,16.57877,1.0,134.827493
1196,1848892173.0,4.0,3.0,146.0,-1.0,14.451825,-1.0,4.0,15.400391,1.0,0.0,-1.0,0.0,24.597552,3.0,78.23783,1.0,22.57097,1.0,143.134215
1110,1848892175.0,3.0,4.0,157.0,9.0,3.187839,-1.0,2.0,-1.0,1.0,0.0,1.0,0.0,13.686369,3.0,63.539274,0.0,0.175118,1.0,150.126612
6403,1848892178.0,4.0,2.0,123.0,3.0,37.466608,-1.0,2.0,10.130768,1.0,0.0,-1.0,0.0,48.011935,4.0,90.465867,1.0,21.455348,1.0,87.167902
6404,1848892184.0,2.0,2.0,158.0,3.0,1.560689,-1.0,4.0,8.41414,2.0,-1.0,1.0,0.0,12.484776,-1.0,61.047855,0.0,19.619727,1.0,90.164405
1076,1848892189.0,2.0,2.0,137.0,7.0,23.47089,-1.0,4.0,44.978264,1.0,0.0,1.0,0.0,34.266553,4.0,32.213029,-1.0,7.296788,1.0,180.237996
1082,1848892194.0,3.0,4.0,104.0,2.0,55.644822,-1.0,-1.0,48.202069,1.0,0.0,0.0,0.0,66.007782,4.0,68.284999,0.0,6.914645,0.0,32.481558
1077,1848892200.0,3.0,4.0,137.0,7.0,23.401885,-1.0,4.0,35.1212,1.0,0.0,0.0,0.0,34.190926,4.0,43.087146,0.0,21.635666,0.0,66.77819
6405,1848892202.0,4.0,3.0,143.0,3.0,17.373696,-1.0,2.0,-1.0,1.0,0.0,-1.0,0.0,27.629736,2.0,32.987852,0.0,49.722896,1.0,69.78257
6406,1848892206.0,4.0,4.0,125.0,3.0,35.097755,-1.0,3.0,33.260873,1.0,-1.0,1.0,0.0,45.646689,4.0,13.63185,0.0,58.188332,1.0,124.183669
1018,1848892212.0,4.0,4.0,158.0,4.0,1.716797,-1.0,3.0,18.229906,1.0,0.0,1.0,0.0,12.483963,4.0,63.326571,0.0,11.322728,1.0,133.760366
6407,1848892216.0,2.0,2.0,113.0,3.0,47.258582,-1.0,2.0,6.744133,0.0,1.0,-1.0,1.0,58.158202,1.0,30.428654,0.0,7.34967,0.0,36.34164
1019,1848892222.0,3.0,3.0,74.0,4.0,-1.0,-1.0,-1.0,106.578333,1.0,0.0,1.0,0.0,-1.0,3.0,115.180434,0.0,18.420558,1.0,42.755426
6408,1848892225.0,4.0,4.0,120.0,3.0,39.909962,-1.0,4.0,-1.0,1.0,0.0,1.0,0.0,50.076707,4.0,53.459673,1.0,82.704013,1.0,55.585522
1111,1848892227.0,3.0,3.0,140.0,9.0,19.935584,-1.0,4.0,87.542434,1.0,0.0,1.0,0.0,30.474052,2.0,18.01173,0.0,9.942802,1.0,100.124683
6409,1848892233.0,3.0,3.0,36.0,3.0,123.785078,-1.0,2.0,11.229309,2.0,0.0,1.0,0.0,134.273615,1.0,57.36211,1.0,0.384503,1.0,172.787392
6410,1848892235.0,4.0,2.0,155.0,3.0,4.992799,-1.0,4.0,74.041921,0.0,1.0,1.0,1.0,15.787408,-1.0,54.732489,1.0,3.919603,1.0,33.664174
1197,1848892240.0,2.0,3.0,89.0,-1.0,71.176296,-1.0,3.0,87.110345,1.0,0.0,0.0,0.0,81.404497,1.0,73.486926,1.0,27.979991,0.0,151.719776
6411,1848892244.0,2.0,2.0,147.0,3.0,13.258557,-1.0,2.0,-1.0,1.0,-1.0,1.0,0.0,24.216578,3.0,26.916486,0.0,21.714291,1.0,69.871072
1020,1848892246.0,3.0,3.0,97.0,4.0,63.412682,-1.0,3.0,46.205504,2.0,0.0,1.0,0.0,73.843139,1.0,48.667319,1.0,16.954635,1.0,112.033253
6412,1848892248.0,2.0,3.0,95.0,3.0,65.031619,-1.0,2.0,41.297976,1.0,0.0,0.0,0.0,75.551863,1.0,47.055236,0.0,51.767684,0.0,31.164698
6413,1848892251.0,2.0,2.0,90.0,3.0,70.491321,-1.0,3.0,27.695874,2.0,-1.0,-1.0,0.0,80.706103,3.0,-1.0,0.0,3.010054,1.0,120.074353
1123,1848892257.0,4.0,2.0,64.0,1.0,95.921109,-1.0,2.0,63.730182,1.0,0.0,1.0,0.0,106.04719,3.0,95.228587,-1.0,38.443956,1.0,49.00528
6414,1848892260.0,2.0,4.0,97.0,3.0,62.539636,-1.0,2.0,64.593233,2.0,0.0,0.0,0.0,73.185337,-1.0,144.375248,0.0,35.784266,0.0,52.755384
1083,1848892262.0,2.0,2.0,126.0,2.0,33.88413,-1.0,3.0,38.913747,1.0,0.0,1.0,0.0,44.063762,3.0,25.221508,0.0,1.848203,1.0,239.543473
6415,1848892266.0,-1.0,2.0,123.0,3.0,37.370877,-1.0,4.0,68.830674,2.0,0.0,1.0,0.0,48.342502,3.0,125.611039,-1.0,42.334707,1.0,31.851247
6416,1848892270.0,3.0,2.0,148.0,3.0,12.199176,-1.0,3.0,49.363569,1.0,0.0,-1.0,0.0,22.247602,4.0,39.421174,0.0,45.110162,1.0,88.996452
6417,1848892273.0,4.0,3.0,157.0,3.0,2.702763,-1.0,4.0,60.221535,1.0,0.0,1.0,0.0,13.39288,2.0,75.939182,0.0,17.784227,1.0,110.786686
1021,1848892277.0,3.0,2.0,113.0,4.0,46.557141,-1.0,2.0,65.438824,1.0,0.0,1.0,0.0,57.470602,1.0,24.595065,0.0,5.068304,1.0,79.916263
1112,1848892281.0,4.0,3.0,148.0,9.0,11.754074,-1.0,2.0,49.525613,1.0,0.0,-1.0,0.0,21.765073,-1.0,10.235262,0.0,9.186756,1.0,189.56393
1080,1848892284.0,2.0,4.0,110.0,6.0,49.522446,-1.0,4.0,40.463928,1.0,0.0,1.0,0.0,59.887041,2.0,78.08125,0.0,65.210121,1.0,163.086171
1124,1848892287.0,3.0,2.0,154.0,1.0,6.359199,-1.0,-1.0,47.101739,0.0,1.0,-1.0,1.0,17.254955,1.0,-1.0,0.0,10.256494,-1.0,82.061855
1032,1848892290.0,4.0,2.0,140.0,0.0,19.529803,-1.0,2.0,6.425893,1.0,0.0,1.0,0.0,29.715804,-1.0,21.694165,0.0,14.314478,1.0,102.873073
1084,1848892295.0,2.0,2.0,100.0,2.0,59.838612,-1.0,4.0,45.254084,2.0,0.0,1.0,0.0,70.109319,1.0,88.023236,0.0,0.150886,1.0,111.91068
1113,1848892298.0,4.0,3.0,130.0,9.0,30.209836,-1.0,2.0,-1.0,2.0,-1.0,0.0,0.0,41.030821,3.0,145.197676,0.0,38.813968,0.0,125.103489
1022,1848892303.0,4.0,2.0,119.0,4.0,41.154863,-1.0,2.0,91.131552,1.0,0.0,0.0,0.0,51.692105,3.0,65.148837,0.0,9.759839,0.0,156.87019
1198,1848892307.0,2.0,4.0,138.0,-1.0,22.161957,-1.0,3.0,86.673969,2.0,0.0,0.0,0.0,33.052595,1.0,5.464644,1.0,47.076978,0.0,96.700549
6418,1848892312.0,4.0,3.0,140.0,3.0,19.925312,-1.0,4.0,43.222302,0.0,1.0,1.0,1.0,30.672216,3.0,15.201931,0.0,8.398722,1.0,154.725444
1081,1848892314.0,4.0,3.0,85.0,6.0,74.664015,-1.0,2.0,10.463161,1.0,0.0,-1.0,0.0,84.713367,3.0,26.339294,0.0,3.66856,0.0,58.182797
6419,1848892316.0,-1.0,4.0,144.0,3.0,15.53013,-1.0,4.0,28.089187,2.0,0.0,1.0,0.0,25.65944,1.0,62.787932,0.0,1.098948,1.0,87.311685
1114,1848892318.0,4.0,4.0,136.0,9.0,23.842014,-1.0,2.0,88.448014,0.0,1.0,0.0,1.0,34.7903,2.0,122.190128,0.0,27.466748,0.0,29.83188
6420,1848892320.0,3.0,4.0,136.0,3.0,23.529153,-1.0,4.0,49.524569,1.0,0.0,1.0,0.0,34.35724,4.0,16.909366,1.0,9.061341,1.0,63.774651
1023,1848892322.0,2.0,3.0,25.0,4.0,134.776976,-1.0,-1.0,74.255104,1.0,-1.0,1.0,0.0,145.050682,1.0,66.013251,0.0,3.814859,1.0,86.828673
1082,1848892325.0,4.0,3.0,152.0,6.0,8.413073,-1.0,3.0,8.93739,2.0,0.0,0.0,0.0,19.303915,1.0,17.326,0.0,15.74349,0.0,210.012417
1078,1848892331.0,4.0,2.0,134.0,7.0,25.797415,-1.0,4.0,24.450743,1.0,0.0,1.0,0.0,36.714042,3.0,74.895777,0.0,52.828122,1.0,90.674236
6421,1848892335.0,3.0,2.0,148.0,3.0,11.541762,-1.0,4.0,7.033443,2.0,0.0,1.0,0.0,22.191621,3.0,31.139222,0.0,9.529959,-1.0,234.174784
1068,1848892337.0,3.0,4.0,159.0,8.0,0.732201,-1.0,3.0,-1.0,1.0,0.0,1.0,0.0,10.96938,2.0,97.10737,-1.0,10.334089,1.0,90.323757
1033,1848892343.0,2.0,3.0,152.0,0.0,8.169458,-1.0,2.0,102.189002,0.0,1.0,1.0,1.0,18.50733,1.0,78.475268,0.0,12.068047,1.0,204.733034
6422,1848892349.0,2.0,3.0,38.0,3.0,122.022524,-1.0,2.0,0.421098,2.0,0.0,1.0,0.0,132.453413,3.0,76.533795,-1.0,14.340283,1.0,80.692562
6423,1848892351.0,4.0,3.0,159.0,3.0,0.609958,-1.0,3.0,74.320728,1.0,0.0,0.0,0.0,10.951483,3.0,13.517263,0.0,13.693136,0.0,15.283898
1083,1848892354.0,2.0,3.0,128.0,6.0,31.90337,-1.0,4.0,71.202164,2.0,-1.0,1.0,0.0,42.464544,3.0,34.088061,0.0,55.179654,1.0,248.651265
6424,1848892357.0,3.0,4.0,103.0,3.0,57.245143,-1.0,3.0,41.635812,1.0,0.0,-1.0,0.0,67.551018,2.0,158.867637,0.0,41.813717,1.0,56.127593
1079,1848892363.0,-1.0,4.0,115.0,7.0,45.425943,-1.0,3.0,22.180783,1.0,-1.0,1.0,0.0,55.684683,2.0,-1.0,0.0,52.219116,1.0,130.253227
1085,1848892367.0,4.0,4.0,95.0,2.0,65.098505,-1.0,3.0,61.465888,0.0,1.0,-1.0,1.0,75.913326,4.0,12.196151,-1.0,67.678118,1.0,92.997711
1125,1848892370.0,4.0,3.0,104.0,1.0,55.587402,-1.0,2.0,2.511245,1.0,0.0,-1.0,0.0,66.331636,3.0,16.931279,0.0,22.364189,1.0,108.21433
6425,1848892376.0,4.0,4.0,159.0,3.0,0.763234,-1.0,3.0,46.604432,1.0,0.0,1.0,0.0,11.138928,3.0,31.229919,0.0,1.058673,1.0,136.792936
1086,1848892380.0,3.0,3.0,146.0,2.0,14.479568,-1.0,3.0,-1.0,2.0,-1.0,1.0,0.0,25.261816,3.0,31.991808,0.0,34.099524,-1.0,123.034721
1115,1848892386.0,4.0,4.0,154.0,9.0,6.293522,-1.0,-1.0,8.664917,1.0,0.0,1.0,0.0,16.456537,2.0,44.097533,0.0,24.91895,1.0,152.508289
1116,1848892392.0,4.0,2.0,153.0,9.0,6.749842,-1.0,3.0,5.693252,0.0,1.0,0.0,1.0,16.890852,4.0,61.762125,-1.0,24.775726,0.0,129.699849
1024,1848892398.0,3.0,3.0,109.0,4.0,51.23363,-1.0,3.0,61.796903,1.0,0.0,1.0,0.0,61.376581,2.0,30.418377,0.0,17.442459,1.0,82.827293
1087,1848892402.0,2.0,4.0,115.0,2.0,44.510257,-1.0,3.0,41.90377,2.0,-1.0,-1.0,0.0,54.582083,3.0,33.31789,0.0,22.60892,1.0,121.55905
1084,1848892404.0,2.0,3.0,100.0,6.0,60.298964,-1.0,4.0,5.406693,2.0,0.0,-1.0,0.0,70.895183,2.0,-1.0,0.0,29.836143,1.0,144.683731
6426,1848892407.0,3.0,2.0,74.0,3.0,-1.0,-1.0,2.0,26.740955,1.0,0.0,1.0,0.0,-1.0,2.0,20.073874,0.0,72.176722,1.0,122.909608
1080,1848892412.0,2.0,-1.0,109.0,7.0,51.413042,-1.0,2.0,-1.0,2.0,0.0,1.0,0.0,61.594017,2.0,111.524831,0.0,51.277675,-1.0,79.534231
1034,1848892418.0,4.0,4.0,145.0,0.0,15.346948,-1.0,3.0,5.751165,1.0,0.0,-1.0,0.0,25.731792,3.0,35.166037,0.0,25.007768,1.0,1.194925
6427,1848892422.0,3.0,4.0,141.0,3.0,18.758504,-1.0,4.0,42.26484,1.0,0.0,-1.0,0.0,29.508333,1.0,12.732416,1.0,32.995714,0.0,-1.0
6428,1848892427.0,-1.0,4.0,101.0,3.0,59.256279,-1.0,3.0,84.769307,1.0,0.0,1.0,0.0,69.889131,1.0,41.430261,1.0,31.449732,1.0,68.032917
6429,1848892430.0,4.0,2.0,148.0,3.0,11.613394,-1.0,2.0,19.202064,1.0,0.0,1.0,0.0,22.440468,3.0,81.499255,1.0,60.808524,1.0,78.792353
1005,1848892435.0,3.0,2.0,123.0,5.0,37.418324,-1.0,3.0,8.654733,1.0,0.0,1.0,0.0,47.872793,3.0,108.621371,0.0,21.439778,1.0,137.900179
1199,1848892439.0,2.0,2.0,40.0,-1.0,120.342126,-1.0,4.0,82.695922,1.0,0.0,1.0,0.0,130.954089,3.0,140.038894,0.0,9.155398,1.0,67.577847
6430,1848892445.0,3.0,4.0,74.0,3.0,-1.0,-1.0,3.0,34.779427,2.0,0.0,1.0,0.0,-1.0,3.0,38.789374,0.0,3.402523,1.0,68.628275
1035,1848892449.0,3.0,4.0,102.0,0.0,58.233776,-1.0,-1.0,50.852428,1.0,0.0,-1.0,0.0,68.877258,4.0,31.70687,0.0,52.633397,0.0,4.975716
6431,1848892451.0,2.0,3.0,113.0,3.0,47.392651,-1.0,3.0,57.728719,1.0,0.0,1.0,0.0,58.02103,3.0,57.92345,-1.0,13.658972,1.0,69.837139
6432,1848892456.0,2.0,2.0,82.0,3.0,77.559278,-1.0,2.0,97.57669,2.0,0.0,-1.0,0.0,87.835258,2.0,62.838063,0.0,6.225405,1.0,135.763163
6433,1848892458.0,3.0,4.0,144.0,3.0,16.162309,-1.0,2.0,8.441691,0.0,1.0,1.0,1.0,26.395603,2.0,74.291579,0.0,32.320281,1.0,60.882118
1069,1848892461.0,4.0,2.0,125.0,8.0,35.064415,-1.0,3.0,11.122913,1.0,-1.0,0.0,0.0,45.227347,3.0,-1.0,0.0,35.294808,0.0,128.874449
1117,1848892464.0,4.0,3.0,136.0,9.0,24.383178,-1.0,2.0,55.613646,1.0,0.0,1.0,0.0,35.349559,1.0,128.094931,0.0,60.029483,1.0,24.622597
6434,1848892466.0,2.0,4.0,129.0,3.0,30.887487,-1.0,4.0,107.590594,0.0,1.0,-1.0,1.0,41.084245,3.0,29.769785,0.0,4.583151,1.0,88.236289
6435,1848892472.0,4.0,3.0,104.0,3.0,55.960508,-1.0,3.0,-1.0,1.0,0.0,1.0,0.0,66.48142,4.0,4.449416,1.0,17.942924,1.0,-1.0
1036,1848892474.0,4.0,2.0,155.0,0.0,4.509919,-1.0,2.0,65.165524,1.0,0.0,1.0,0.0,15.501697,3.0,72.717202,0.0,41.783964,1.0,215.45218
1088,1848892476.0,2.0,4.0,109.0,2.0,51.298945,-1.0,4.0,18.22001,1.0,0.0,1.0,0.0,62.203754,2.0,70.417236,0.0,2.697574,1.0,138.090437
1081,1848892479.0,2.0,4.0,114.0,7.0,45.643442,-1.0,4.0,4.245382,0.0,1.0,1.0,1.0,56.091672,4.0,48.285322,0.0,61.194405,1.0,64.07254
6436,1848892481.0,2.0,3.0,151.0,3.0,8.821453,-1.0,4.0,7.395993,1.0,0.0,1.0,0.0,19.541945,3.0,32.567889,0.0,18.788913,1.0,254.43284
1200,1848892485.0,4.0,4.0,23.0,-1.0,136.50077,-1.0,2.0,20.820812,2.0,0.0,1.0,0.0,146.597565,3.0,-1.0,1.0,29.847968,1.0,61.70819
6437,1848892487.0,3.0,3.0,60.0,3.0,99.669478,-1.0,3.0,33.1464,2.0,0.0,1.0,0.0,109.732307,-1.0,128.480104,1.0,7.555589,0.0,206.08478
6438,1848892493.0,2.0,3.0,75.0,3.0,84.719053,-1.0,3.0,4.757696,1.0,0.0,1.0,0.0,95.717588,3.0,86.402572,0.0,23.460118,1.0,140.509252
6439,1848892498.0,3.0,3.0,133.0,3.0,27.086832,-1.0,2.0,35.838678,2.0,-1.0,0.0,0.0,37.885218,3.0,28.973457,0.0,63.487758,0.0,29.630017
6440,1848892503.0,3.0,3.0,137.0,3.0,23.084862,-1.0,-1.0,105.367704,1.0,0.0,-1.0,0.0,33.193807,4.0,4.910076,0.0,9.686295,1.0,152.030587
1006,1848892506.0,2.0,2.0,96.0,5.0,64.261853,-1.0,2.0,23.762713,1.0,0.0,1.0,0.0,75.101242,1.0,4.790199,0.0,12.008485,1.0,84.198869
1025,1848892512.0,4.0,3.0,138.0,4.0,21.780485,-1.0,-1.0,39.233016,1.0,0.0,1.0,0.0,32.575754,1.0,44.576214,0.0,52.926356,1.0,90.715362
1118,1848892514.0,3.0,4.0,66.0,9.0,94.132863,-1.0,-1.0,85.120369,1.0,0.0,-1.0,0.0,104.835137,3.0,52.262391,0.0,16.058537,1.0,228.543337
1082,1848892517.0,4.0,3.0,123.0,7.0,37.067425,-1.0,2.0,7.225086,2.0,-1.0,1.0,0.0,47.646196,4.0,-1.0,1.0,2.784014,-1.0,66.433497
6441,1848892523.0,3.0,3.0,129.0,3.0,30.565692,-1.0,4.0,29.411598,1.0,0.0,1.0,0.0,40.71934,4.0,78.789171,0.0,7.951589,-1.0,21.83913
1083,1848892526.0,4.0,3.0,78.0,7.0,82.379584,-1.0,4.0,140.858536,1.0,0.0,1.0,0.0,92.828663,3.0,63.788621,0.0,25.124255,1.0,114.061067
1007,1848892529.0,2.0,3.0,118.0,5.0,41.656644,-1.0,4.0,36.740809,1.0,-1.0,1.0,0.0,52.467694,-1.0,117.06056,0.0,47.210184,1.0,102.011213
1126,1848892535.0,2.0,4.0,68.0,1.0,91.672272,-1.0,3.0,14.502952,2.0,0.0,1.0,0.0,102.432969,3.0,26.549721,0.0,10.896417,1.0,53.378181
1084,1848892541.0,-1.0,3.0,151.0,7.0,9.214227,-1.0,2.0,3.876137,1.0,0.0,1.0,0.0,19.228581,1.0,-1.0,1.0,40.205007,1.0,74.756972
1119,1848892544.0,2.0,3.0,126.0,9.0,34.249738,-1.0,3.0,95.243851,1.0,0.0,1.0,0.0,44.306275,3.0,90.938084,0.0,18.014698,1.0,77.739816
6442,1848892548.0,-1.0,3.0,95.0,3.0,64.713005,-1.0,4.0,33.578858,1.0,0.0,-1.0,0.0,75.080108,-1.0,70.079519,1.0,47.758117,1.0,21.167964
6443,1848892553.0,3.0,4.0,130.0,3.0,29.51909,-1.0,3.0,24.769401,1.0,-1.0,-1.0,0.0,40.069731,4.0,42.242954,0.0,29.585681,1.0,237.208425
6444,1848892558.0,2.0,4.0,137.0,3.0,22.8624,-1.0,3.0,37.060067,2.0,0.0,1.0,0.0,32.97546,-1.0,26.751263,0.0,39.211977,1.0,93.821128
1120,1848892563.0,4.0,4.0,84.0,9.0,76.023152,-1.0,2.0,-1.0,1.0,0.0,-1.0,0.0,86.417163,1.0,107.761747,1.0,11.211736,1.0,4.596818
1085,1848892567.0,4.0,3.0,147.0,6.0,13.443461,-1.0,2.0,107.951773,1.0,0.0,1.0,0.0,24.124054,4.0,59.086316,0.0,11.539115,1.0,105.883362
1201,1848892571.0,3.0,3.0,74.0,-1.0,-1.0,-1.0,4.0,24.439139,1.0,0.0,1.0,0.0,-1.0,3.0,16.203887,0.0,22.992714,1.0,57.700642
1121,1848892575.0,4.0,4.0,120.0,9.0,39.826104,-1.0,2.0,50.054676,2.0,0.0,1.0,0.0,49.89141,1.0,28.18195,0.0,39.282101,1.0,22.662119
1026,1848892580.0,3.0,-1.0,126.0,4.0,34.176888,-1.0,3.0,18.124939,1.0,0.0,1.0,0.0,44.839894,2.0,1.23744,0.0,50.804956,1.0,68.54131
1086,1848892584.0,2.0,4.0,143.0,6.0,17.386896,-1.0,2.0,17.595247,1.0,0.0,1.0,0.0,27.600048,3.0,13.725194,0.0,12.917714,1.0,206.946087
6445,1848892590.0,2.0,2.0,145.0,3.0,14.831433,-1.0,4.0,19.798715,1.0,0.0,0.0,0.0,24.903291,1.0,45.646787,0.0,14.72716,0.0,60.587447
1122,1848892595.0,3.0,2.0,74.0,9.0,-1.0,-1.0,3.0,31.795296,1.0,0.0,1.0,0.0,-1.0,1.0,-1.0,0.0,66.900155,1.0,86.082961
1127,1848892599.0,2.0,2.0,95.0,1.0,65.102561,-1.0,3.0,107.121671,2.0,-1.0,1.0,0.0,75.561658,3.0,19.520081,1.0,63.035153,1.0,176.68834
1128,1848892603.0,3.0,2.0,145.0,1.0,15.459104,-1.0,-1.0,10.75839,1.0,0.0,-1.0,0.0,26.250297,3.0,44.105086,0.0,71.312359,1.0,159.601904
1037,1848892605.0,2.0,3.0,127.0,0.0,33.445617,-1.0,2.0,48.321642,0.0,1.0,-1.0,1.0,44.064152,4.0,91.973867,0.0,24.330798,1.0,37.657181
1202,1848892607.0,4.0,3.0,101.0,-1.0,58.635533,-1.0,4.0,52.040396,1.0,0.0,1.0,0.0,69.555626,3.0,27.833598,0.0,14.12165,1.0,74.368599
6446,1848892610.0,2.0,2.0,137.0,3.0,22.623325,-1.0,3.0,19.561402,1.0,-1.0,1.0,0.0,33.22331,4.0,64.887208,0.0,32.023258,1.0,198.765491
6447,1848892616.0,2.0,2.0,58.0,3.0,102.434137,-1.0,3.0,-1.0,1.0,0.0,0.0,0.0,112.651001,3.0,39.572511,0.0,26.685386,0.0,42.655804
1129,1848892619.0,3.0,2.0,102.0,1.0,58.190952,-1.0,4.0,3.459797,0.0,1.0,1.0,1.0,68.601198,4.0,27.851882,0.0,12.036073,1.0,135.395479
6448,1848892621.0,4.0,-1.0,154.0,3.0,6.317621,-1.0,3.0,18.255973,1.0,0.0,1.0,0.0,17.302254,-1.0,7.687286,-1.0,30.981476,1.0,72.080502
6449,1848892626.0,4.0,4.0,52.0,3.0,108.413561,-1.0,-1.0,-1.0,1.0,0.0,1.0,0.0,118.952178,1.0,-1.0,1.0,8.662405,1.0,120.734609
1087,1848892632.0,2.0,4.0,93.0,6.0,67.379445,-1.0,3.0,40.522498,1.0,0.0,-1.0,0.0,77.453544,4.0,26.651873,-1.0,2.819384,1.0,207.18558
1038,1848892638.0,4.0,2.0,106.0,0.0,53.94804,-1.0,2.0,25.691417,2.0,-1.0,1.0,0.0,64.090203,-1.0,104.111786,0.0,71.953211,1.0,33.115326
1070,1848892643.0,3.0,2.0,137.0,8.0,22.644689,-1.0,3.0,71.865723,1.0,0.0,1.0,0.0,33.372612,-1.0,29.539358,1.0,60.873382,1.0,179.868897
1089,1848892646.0,2.0,2.0,117.0,2.0,43.072429,-1.0,2.0,79.919233,1.0,0.0,1.0,0.0,53.77159,3.0,98.136328,0.0,9.356889,1.0,137.98072
6450,1848892649.0,4.0,2.0,100.0,3.0,60.048368,-1.0,2.0,27.145998,0.0,1.0,1.0,1.0,70.167814,3.0,-1.0,1.0,48.286551,1.0,99.028368
6451,1848892653.0,3.0,4.0,150.0,3.0,10.44823,-1.0,2.0,17.049271,1.0,0.0,1.0,0.0,20.492869,-1.0,114.817394,0.0,13.298932,1.0,167.870325
6452,1848892658.0,4.0,2.0,145.0,3.0,15.35376,-1.0,4.0,6.716723,1.0,-1.0,-1.0,0.0,26.289739,3.0,35.714181,0.0,7.626831,0.0,123.774898
1008,1848892661.0,3.0,2.0,142.0,5.0,18.343249,-1.0,4.0,115.02486,2.0,0.0,0.0,0.0,28.36923,3.0,58.332191,0.0,54.557289,0.0,138.704375
1088,1848892667.0,2.0,3.0,127.0,6.0,33.311969,-1.0,3.0,-1.0,1.0,0.0,1.0,0.0,43.412532,3.0,64.310281,0.0,4.58162,-1.0,142.748128
1085,1848892673.0,2.0,3.0,105.0,7.0,54.59765,-1.0,4.0,-1.0,2.0,0.0,-1.0,0.0,65.527617,2.0,55.700916,0.0,46.647578,-1.0,-1.0
1090,1848892675.0,4.0,4.0,94.0,2.0,65.814207,-1.0,4.0,-1.0,1.0,0.0,1.0,0.0,76.421776,1.0,100.715678,0.0,29.536804,1.0,85.059097
6453,1848892679.0,-1.0,4.0,143.0,3.0,16.892668,-1.0,2.0,68.683432,1.0,0.0,0.0,0.0,27.215209,3.0,8.315773,0.0,20.881222,0.0,-1.0
1071,1848892682.0,2.0,2.0,48.0,8.0,112.195538,-1.0,4.0,17.388113,1.0,0.0,1.0,0.0,122.482806,-1.0,3.788465,0.0,51.896906,1.0,19.284456
1091,1848892685.0,3.0,4.0,26.0,2.0,133.849679,-1.0,3.0,-1.0,1.0,0.0,-1.0,0.0,143.99408,3.0,-1.0,0.0,78.002581,1.0,114.325719
6454,1848892687.0,2.0,3.0,93.0,3.0,66.563287,-1.0,3.0,28.300838,1.0,-1.0,1.0,0.0,76.967066,3.0,62.248852,1.0,58.62246,1.0,80.594722
6455,1848892689.0,2.0,2.0,153.0,3.0,6.506001,-1.0,3.0,-1.0,1.0,0.0,0.0,0.0,16.690969,2.0,2.618018,0.0,14.775728,0.0,100.440905
1039,1848892691.0,3.0,4.0,142.0,0.0,17.576061,-1.0,4.0,3.30529,1.0,0.0,-1.0,0.0,28.287407,3.0,52.112003,0.0,9.458934,1.0,42.73402
1040,1848892694.0,2.0,2.0,108.0,0.0,52.423393,-1.0,2.0,103.224331,1.0,0.0,0.0,0.0,63.045421,2.0,33.189037,1.0,10.753957,0.0,39.297459
6456,1848892699.0,4.0,2.0,127.0,3.0,32.901726,-1.0,2.0,20.165009,1.0,0.0,-1.0,0.0,42.985511,4.0,42.148587,0.0,38.776323,1.0,116.897824
1072,1848892703.0,2.0,3.0,130.0,8.0,30.319242,-1.0,4.0,22.865425,1.0,0.0,1.0,0.0,41.257894,-1.0,69.751253,0.0,78.108288,1.0,96.823752
1073,1848892709.0,2.0,2.0,121.0,8.0,38.921324,-1.0,4.0,14.32347,1.0,0.0,1.0,0.0,49.5223,3.0,58.943635,0.0,24.243711,-1.0,17.39748
6457,1848892712.0,2.0,2.0,42.0,3.0,117.800144,-1.0,2.0,-1.0,2.0,0.0,1.0,0.0,127.968589,2.0,30.626385,-1.0,34.143872,1.0,63.786984
6458,1848892718.0,4.0,2.0,155.0,3.0,4.654491,-1.0,2.0,23.737649,1.0,0.0,0.0,0.0,14.892499,1.0,67.498508,0.0,1.863561,0.0,62.089931
6459,1848892722.0,2.0,4.0,92.0,3.0,67.561158,-1.0,4.0,30.238824,2.0,-1.0,0.0,0.0,78.449367,1.0,46.093556,1.0,3.181032,0.0,127.403833
1130,1848892727.0,3.0,2.0,150.0,1.0,9.768399,-1.0,4.0,36.610554,2.0,0.0,-1.0,0.0,19.983845,-1.0,-1.0,1.0,16.66865,1.0,158.196791
6460,1848892730.0,3.0,3.0,91.0,3.0,68.575667,-1.0,3.0,61.614167,0.0,1.0,-1.0,1.0,79.08584,3.0,9.470921,0.0,22.857089,0.0,110.424348
1086,1848892735.0,4.0,4.0,144.0,7.0,15.846181,-1.0,3.0,82.378903,1.0,0.0,-1.0,0.0,26.121308,2.0,11.847754,1.0,42.109296,1.0,8.429858
6461,1848892741.0,2.0,2.0,119.0,3.0,41.341953,-1.0,3.0,6.10433,1.0,-1.0,1.0,0.0,51.889272,3.0,-1.0,1.0,2.142276,1.0,175.32274
1041,1848892746.0,3.0,3.0,156.0,0.0,4.373553,-1.0,2.0,48.182953,0.0,1.0,1.0,1.0,14.511869,3.0,34.823518,0.0,31.005955,1.0,54.70655
6462,1848892752.0,3.0,3.0,129.0,3.0,31.2879,-1.0,3.0,81.513652,1.0,-1.0,-1.0,0.0,41.561877,1.0,88.840701,0.0,14.560677,1.0,28.237391
6463,1848892754.0,2.0,4.0,158.0,3.0,2.191412,-1.0,4.0,110.281752,1.0,0.0,-1.0,0.0,13.15638,2.0,50.167813,1.0,47.029688,1.0,40.668637
6464,1848892760.0,3.0,4.0,159.0,3.0,0.903818,-1.0,3.0,67.227009,1.0,0.0,-1.0,0.0,11.257094,3.0,43.385716,0.0,12.321579,1.0,146.166533
1087,1848892765.0,2.0,4.0,145.0,7.0,14.913541,-1.0,4.0,6.199631,2.0,0.0,1.0,0.0,25.132035,-1.0,-1.0,0.0,47.56005,1.0,-1.0
6465,1848892771.0,4.0,4.0,145.0,3.0,15.276383,-1.0,3.0,37.488371,1.0,0.0,1.0,0.0,25.698333,-1.0,35.267258,0.0,0.252684,1.0,53.824139
1131,1848892774.0,4.0,3.0,90.0,1.0,70.223059,-1.0,2.0,101.730737,1.0,-1.0,1.0,0.0,80.910352,-1.0,-1.0,0.0,7.519942,1.0,175.789227
1089,1848892777.0,4.0,2.0,100.0,6.0,59.866514,-1.0,2.0,-1.0,1.0,0.0,1.0,0.0,70.169318,3.0,11.265018,0.0,22.200996,1.0,3.484043
1042,1848892779.0,4.0,2.0,160.0,0.0,0.222523,-1.0,3.0,42.366941,2.0,-1.0,-1.0,0.0,10.45743,1.0,18.467205,0.0,7.871723,0.0,213.848973
6466,1848892783.0,4.0,4.0,86.0,3.0,73.674092,-1.0,-1.0,43.560533,0.0,1.0,1.0,1.0,83.844323,2.0,2.607347,0.0,3.692776,1.0,60.670687
1132,1848892787.0,2.0,2.0,125.0,1.0,34.848886,-1.0,-1.0,40.815182,1.0,0.0,1.0,0.0,45.128395,3.0,-1.0,0.0,53.170384,1.0,9.936054
1043,1848892789.0,3.0,3.0,142.0,0.0,18.072408,-1.0,4.0,25.548517,1.0,0.0,0.0,0.0,28.549609,3.0,-1.0,0.0,37.503511,0.0,50.778313
1044,1848892794.0,2.0,2.0,74.0,0.0,-1.0,-1.0,3.0,-1.0,1.0,0.0,0.0,0.0,-1.0,4.0,72.386125,0.0,5.46355,0.0,97.092274
1009,1848892798.0,4.0,3.0,152.0,5.0,7.515259,-1.0,2.0,-1.0,0.0,1.0,1.0,1.0,17.788793,3.0,25.859398,0.0,44.488888,1.0,196.101341
6467,1848892804.0,2.0,2.0,142.0,3.0,17.859052,-1.0,3.0,73.281135,2.0,0.0,1.0,0.0,27.875165,3.0,45.776639,0.0,74.766355,0.0,28.413045
6468,1848892806.0,2.0,3.0,133.0,3.0,27.039394,-1.0,-1.0,77.555498,1.0,0.0,1.0,0.0,37.403901,3.0,11.131005,0.0,13.880852,1.0,45.464383
6469,1848892810.0,4.0,4.0,130.0,3.0,29.791867,-1.0,2.0,-1.0,2.0,0.0,1.0,0.0,40.079406,3.0,78.293861,0.0,6.859014,1.0,68.739121
6470,1848892814.0,3.0,3.0,101.0,3.0,59.308996,-1.0,2.0,38.114072,2.0,0.0,1.0,0.0,69.699929,1.0,54.086258,0.0,26.620111,1.0,19.001682
6471,1848892818.0,3.0,3.0,81.0,3.0,79.303317,-1.0,3.0,107.157731,1.0,0.0,1.0,0.0,89.498513,3.0,17.476904,0.0,60.926561,1.0,76.527931
6472,1848892821.0,4.0,2.0,137.0,3.0,23.089988,-1.0,3.0,135.881412,1.0,0.0,1.0,0.0,33.845637,2.0,126.677978,1.0,25.591299,1.0,17.632695
1027,1848892827.0,2.0,2.0,111.0,4.0,49.133571,-1.0,3.0,3.37808,1.0,0.0,1.0,0.0,59.997731,3.0,37.663444,0.0,8.854473,1.0,240.482041
1088,1848892833.0,2.0,2.0,76.0,7.0,83.586133,-1.0,3.0,4.192992,2.0,0.0,1.0,0.0,94.075862,2.0,99.422948,0.0,19.992264,1.0,82.803528
6473,1848892838.0,3.0,4.0,48.0,3.0,112.324466,-1.0,-1.0,0.144755,2.0,0.0,1.0,0.0,122.538217,3.0,104.802885,0.0,18.999217,1.0,196.983571
6474,1848892841.0,4.0,3.0,145.0,3.0,15.045312,-1.0,3.0,113.579217,1.0,0.0,1.0,0.0,25.124667,4.0,56.664125,0.0,14.58295,1.0,72.176096
6475,1848892843.0,3.0,-1.0,149.0,3.0,10.765378,-1.0,4.0,13.803175,1.0,0.0,1.0,0.0,21.159806,1.0,-1.0,0.0,55.473777,1.0,119.594957
1092,1848892849.0,4.0,2.0,140.0,2.0,19.932685,-1.0,4.0,123.070168,1.0,0.0,-1.0,0.0,30.50228,3.0,10.835695,1.0,7.674479,1.0,120.762823
1074,1848892851.0,4.0,4.0,156.0,8.0,4.049018,-1.0,3.0,55.99695,1.0,0.0,0.0,0.0,14.948617,2.0,40.896743,0.0,35.212208,0.0,74.951483
6476,1848892856.0,3.0,4.0,153.0,3.0,7.474587,-1.0,4.0,52.499612,1.0,0.0,1.0,0.0,17.83167,3.0,62.316726,-1.0,0.604057,1.0,129.844411
1075,1848892861.0,2.0,4.0,129.0,8.0,31.037697,-1.0,-1.0,36.700328,1.0,0.0,1.0,0.0,42.016268,1.0,-1.0,-1.0,36.450381,1.0,26.954436
6477,1848892866.0,3.0,4.0,46.0,3.0,114.433623,-1.0,-1.0,89.731487,2.0,0.0,-1.0,0.0,124.946803,2.0,70.093802,1.0,48.353345,1.0,28.600574
1045,1848892868.0,2.0,2.0,136.0,0.0,24.297139,-1.0,2.0,72.736874,2.0,0.0,1.0,0.0,34.317936,3.0,19.838875,0.0,28.676375,1.0,181.016325
1090,1848892871.0,4.0,2.0,159.0,6.0,1.103282,-1.0,2.0,25.877528,1.0,0.0,1.0,0.0,11.285428,3.0,125.512426,0.0,7.011089,1.0,34.973299
6478,1848892874.0,2.0,3.0,142.0,3.0,17.899453,-1.0,3.0,67.030631,2.0,0.0,1.0,0.0,28.348072,2.0,92.658048,0.0,34.006912,-1.0,64.088349
6479,1848892878.0,2.0,-1.0,146.0,3.0,13.516206,-1.0,3.0,2.495547,1.0,0.0,1.0,0.0,24.109956,3.0,59.649175,-1.0,48.872656,1.0,181.458874
1133,1848892880.0,2.0,2.0,42.0,1.0,117.825811,-1.0,4.0,102.889216,1.0,0.0,0.0,0.0,128.482058,4.0,61.841133,0.0,40.692312,0.0,211.35202
6480,1848892885.0,4.0,4.0,147.0,3.0,13.053922,-1.0,3.0,36.4545,2.0,0.0,1.0,0.0,23.469648,-1.0,34.575515,0.0,36.329358,-1.0,72.57848
1076,1848892890.0,3.0,3.0,48.0,8.0,112.441386,-1.0,4.0,5.660655,1.0,0.0,1.0,0.0,122.688245,-1.0,62.900456,1.0,0.387368,1.0,76.072689
1089,1848892892.0,2.0,4.0,134.0,7.0,26.001995,-1.0,-1.0,85.091831,0.0,1.0,0.0,1.0,36.980379,-1.0,-1.0,1.0,66.201553,0.0,8.867134
1077,1848892894.0,3.0,3.0,156.0,8.0,3.838753,-1.0,3.0,49.268432,2.0,-1.0,1.0,0.0,14.446043,3.0,56.877613,1.0,46.501703,1.0,176.652101
1093,1848892897.0,2.0,2.0,127.0,2.0,32.727315,-1.0,2.0,-1.0,1.0,-1.0,-1.0,0.0,43.404541,3.0,41.459757,0.0,11.875256,-1.0,176.470319
1028,1848892903.0,3.0,3.0,147.0,4.0,13.013266,-1.0,3.0,79.376779,1.0,0.0,-1.0,0.0,23.200888,2.0,24.144418,0.0,84.997922,1.0,149.580038
1078,1848892906.0,3.0,3.0,143.0,8.0,17.229695,-1.0,-1.0,2.771917,2.0,-1.0,1.0,0.0,28.056449,4.0,81.07033,1.0,12.537538,1.0,45.469051
1123,1848892912.0,2.0,3.0,78.0,9.0,81.745765,-1.0,3.0,88.567121,1.0,0.0,0.0,0.0,91.957294,3.0,49.533603,0.0,13.883009,0.0,176.443088
6481,1848892918.0,2.0,4.0,129.0,3.0,30.714375,-1.0,3.0,132.836283,1.0,-1.0,1.0,0.0,41.626428,2.0,11.084532,1.0,10.895067,1.0,10.943558
1091,1848892921.0,3.0,3.0,37.0,6.0,123.281134,-1.0,-1.0,11.970063,1.0,0.0,0.0,0.0,133.721835,1.0,85.891358,1.0,68.601201,0.0,24.218005
1134,1848892924.0,3.0,3.0,109.0,1.0,50.796121,-1.0,3.0,31.910774,1.0,0.0,0.0,0.0,61.092742,4.0,-1.0,0.0,6.529285,0.0,71.150718
1092,1848892928.0,3.0,2.0,130.0,6.0,29.50412,-1.0,2.0,1.365046,1.0,0.0,1.0,0.0,39.766816,3.0,35.922636,1.0,3.116179,1.0,188.67757
1094,1848892930.0,4.0,2.0,46.0,2.0,113.747087,-1.0,3.0,-1.0,1.0,0.0,1.0,0.0,124.41281,3.0,-1.0,0.0,7.370075,1.0,90.99166
6482,1848892932.0,3.0,3.0,74.0,3.0,-1.0,-1.0,2.0,50.021796,1.0,0.0,0.0,0.0,-1.0,1.0,21.812841,0.0,41.250154,0.0,138.360492
1029,1848892938.0,-1.0,3.0,118.0,4.0,41.861293,-1.0,2.0,-1.0,1.0,0.0,1.0,0.0,51.875579,1.0,30.448081,0.0,3.576044,1.0,202.507278
1124,1848892942.0,-1.0,4.0,143.0,9.0,16.518913,-1.0,3.0,54.58034,1.0,0.0,1.0,0.0,27.468483,3.0,62.610632,-1.0,8.167067,1.0,44.97161
1046,1848892944.0,-1.0,3.0,74.0,0.0,-1.0,-1.0,2.0,53.936895,1.0,0.0,-1.0,0.0,-1.0,1.0,-1.0,0.0,11.270495,1.0,119.540322
6483,1848892950.0,4.0,3.0,119.0,3.0,41.208983,-1.0,4.0,83.350767,1.0,0.0,-1.0,0.0,51.61446,2.0,7.794114,0.0,19.099932,1.0,103.164238
1095,1848892952.0,2.0,2.0,103.0,2.0,57.151173,-1.0,4.0,45.441694,2.0,0.0,1.0,0.0,67.314091,3.0,23.252371,0.0,51.697656,1.0,84.095303
6484,1848892957.0,2.0,2.0,74.0,3.0,-1.0,-1.0,3.0,32.881164,2.0,0.0,1.0,0.0,-1.0,3.0,47.973177,0.0,11.228614,1.0,201.885424
1030,1848892962.0,2.0,2.0,122.0,4.0,37.56253,-1.0,3.0,8.21705,2.0,-1.0,-1.0,0.0,48.1646,3.0,101.884115,1.0,71.973878,0.0,49.421025
1079,1848892964.0,3.0,4.0,140.0,8.0,20.028756,-1.0,2.0,12.811028,1.0,0.0,1.0,0.0,30.798325,2.0,-1.0,0.0,13.228225,-1.0,111.742905
6485,1848892970.0,4.0,3.0,74.0,3.0,-1.0,-1.0,4.0,15.507063,1.0,0.0,1.0,0.0,-1.0,-1.0,50.951651,0.0,43.411658,1.0,3.901141
1125,1848892975.0,2.0,4.0,144.0,9.0,15.790885,-1.0,2.0,-1.0,1.0,0.0,1.0,0.0,26.405654,2.0,16.75315,0.0,10.051605,1.0,177.280865
6486,1848892981.0,3.0,3.0,139.0,3.0,21.409495,-1.0,-1.0,17.477035,1.0,0.0,0.0,0.0,31.893118,3.0,16.877587,0.0,48.941765,0.0,113.12287
6487,1848892986.0,2.0,4.0,97.0,3.0,62.931643,-1.0,3.0,22.575495,1.0,0.0,1.0,0.0,73.582133,4.0,10.431633,0.0,8.16905,1.0,16.952063
6488,1848892990.0,4.0,4.0,146.0,3.0,13.86944,-1.0,-1.0,156.815606,0.0,1.0,1.0,1.0,24.419638,-1.0,-1.0,0.0,15.063408,1.0,96.592846
1080,1848892994.0,4.0,3.0,159.0,8.0,1.09092,-1.0,3.0,3.399482,1.0,-1.0,1.0,0.0,12.083668,3.0,48.071801,1.0,22.955069,1.0,96.71275
1047,1848892999.0,3.0,-1.0,102.0,0.0,58.192913,-1.0,-1.0,27.452059,1.0,-1.0,1.0,0.0,69.082291,2.0,108.726724,0.0,68.668717,1.0,104.55964
6489,1848893003.0,2.0,3.0,159.0,3.0,0.566788,-1.0,4.0,49.0746,2.0,0.0,1.0,0.0,11.108389,3.0,1.85373,1.0,14.517212,1.0,72.211452
1093,1848893006.0,2.0,3.0,145.0,6.0,14.860828,-1.0,3.0,22.315605,1.0,0.0,-1.0,0.0,25.174616,1.0,36.692864,0.0,7.597566,1.0,-1.0
1090,1848893012.0,2.0,2.0,30.0,7.0,129.565382,-1.0,4.0,44.609857,1.0,0.0,-1.0,0.0,140.388098,2.0,41.688947,1.0,27.198734,0.0,114.819938
1096,1848893014.0,3.0,4.0,155.0,2.0,4.691555,-1.0,4.0,-1.0,1.0,0.0,1.0,0.0,15.393904,3.0,17.523304,0.0,19.38154,1.0,91.486109
6490,1848893016.0,2.0,3.0,60.0,3.0,100.069248,-1.0,2.0,37.918947,1.0,-1.0,-1.0,0.0,110.559102,4.0,15.483069,0.0,7.756018,1.0,195.392323
6491,1848893018.0,2.0,2.0,145.0,3.0,14.546301,-1.0,2.0,48.51268,0.0,1.0,1.0,1.0,24.965726,3.0,19.703221,0.0,51.069799,-1.0,52.264186
1031,1848893020.0,3.0,2.0,40.0,4.0,120.318923,-1.0,2.0,44.323087,2.0,0.0,1.0,0.0,130.593994,3.0,19.503232,0.0,45.931816,1.0,36.163331
1135,1848893025.0,2.0,3.0,139.0,1.0,20.993771,-1.0,4.0,40.153718,1.0,0.0,1.0,0.0,31.552527,3.0,21.907957,-1.0,5.060468,1.0,16.500013
6492,1848893029.0,2.0,2.0,156.0,3.0,4.287089,-1.0,-1.0,35.571355,0.0,1.0,1.0,1.0,14.957685,3.0,31.091386,0.0,49.776136,1.0,178.342377
6493,1848893034.0,2.0,3.0,149.0,3.0,11.330782,-1.0,2.0,109.72897,1.0,0.0,-1.0,0.0,21.730296,3.0,43.77503,0.0,73.058548,1.0,185.038676
6494,1848893038.0,4.0,3.0,122.0,3.0,38.46312,-1.0,2.0,51.227429,0.0,1.0,1.0,1.0,48.588447,4.0,9.337972,0.0,56.175542,1.0,108.008869
1097,1848893040.0,2.0,2.0,127.0,2.0,32.780205,-1.0,3.0,15.959402,0.0,1.0,1.0,1.0,42.962036,1.0,-1.0,0.0,10.24987,1.0,115.019284
6495,1848893046.0,3.0,2.0,151.0,3.0,8.801548,-1.0,4.0,71.425697,1.0,0.0,1.0,0.0,19.245643,1.0,152.425755,0.0,25.638533,1.0,120.668459
1091,1848893051.0,3.0,3.0,24.0,7.0,135.796087,-1.0,4.0,52.95153,2.0,0.0,-1.0,0.0,146.124205,3.0,60.300917,0.0,11.286294,1.0,118.861682
6496,1848893056.0,-1.0,3.0,136.0,3.0,24.137993,-1.0,4.0,18.094582,2.0,0.0,1.0,0.0,34.723868,-1.0,11.059523,1.0,10.276293,1.0,123.746101
6497,1848893061.0,3.0,3.0,156.0,3.0,4.247207,-1.0,3.0,18.98049,0.0,1.0,-1.0,1.0,14.986253,3.0,21.394634,0.0,66.960618,1.0,146.423049
1032,1848893064.0,2.0,3.0,55.0,4.0,104.899863,-1.0,3.0,56.838363,2.0,0.0,0.0,0.0,115.350875,3.0,69.919549,-1.0,33.63022,0.0,53.935874
6498,1848893070.0,2.0,3.0,133.0,3.0,26.965114,-1.0,3.0,38.763882,1.0,0.0,1.0,0.0,37.592609,3.0,76.604351,0.0,4.5006,1.0,67.788266
1126,1848893073.0,2.0,2.0,146.0,9.0,13.745173,-1.0,3.0,16.438727,1.0,0.0,1.0,0.0,24.216379,3.0,49.302958,0.0,8.570687,1.0,127.991973
1081,1848893077.0,2.0,4.0,111.0,8.0,49.391949,-1.0,3.0,40.053225,0.0,1.0,1.0,1.0,60.29641,4.0,75.850319,-1.0,46.907229,1.0,242.117467
1098,1848893079.0,3.0,2.0,146.0,2.0,14.274842,-1.0,3.0,18.428092,1.0,0.0,1.0,0.0,24.39494,3.0,65.596091,1.0,30.952988,1.0,75.295043
1203,1848893083.0,4.0,4.0,157.0,-1.0,3.42791,-1.0,4.0,116.634247,1.0,-1.0,1.0,0.0,13.978904,3.0,63.089427,0.0,21.986153,-1.0,21.613792
6499,1848893089.0,2.0,2.0,157.0,3.0,2.610125,-1.0,3.0,54.907883,2.0,0.0,-1.0,0.0,13.281793,3.0,44.051916,1.0,31.002868,1.0,115.56789
1010,1848893093.0,-1.0,3.0,82.0,5.0,77.784527,-1.0,2.0,24.209078,1.0,0.0,1.0,0.0,88.47545,4.0,-1.0,0.0,39.527958,1.0,169.287167
6500,1848893096.0,4.0,4.0,11.0,3.0,149.108216,-1.0,3.0,8.638526,1.0,0.0,1.0,0.0,159.503516,3.0,27.999361,0.0,1.399498,1.0,23.829256
1099,1848893098.0,2.0,2.0,136.0,2.0,23.81835,-1.0,3.0,85.233909,1.0,0.0,0.0,0.0,34.28299,1.0,100.565959,0.0,48.387344,0.0,107.748728
6501,1848893101.0,4.0,2.0,63.0,3.0,97.19612,-1.0,4.0,12.59017,2.0,0.0,1.0,0.0,108.15491,3.0,46.316825,0.0,4.167054,1.0,105.154923
6502,1848893107.0,2.0,-1.0,144.0,3.0,16.195408,-1.0,3.0,8.43077,1.0,0.0,1.0,0.0,27.126471,3.0,104.321625,0.0,3.510443,-1.0,18.213921
6503,1848893113.0,4.0,3.0,67.0,3.0,92.670136,-1.0,3.0,4.499307,1.0,0.0,1.0,0.0,103.651043,3.0,64.11535,0.0,33.400089,1.0,105.732701
1094,1848893117.0,3.0,4.0,150.0,6.0,10.062705,-1.0,3.0,7.545754,1.0,-1.0,1.0,0.0,20.427689,3.0,105.060088,0.0,10.739092,1.0,53.994714
1082,1848893121.0,2.0,4.0,75.0,8.0,85.475264,-1.0,2.0,6.204013,1.0,0.0,-1.0,0.0,96.38512,3.0,-1.0,0.0,31.620743,1.0,142.751816
1100,1848893124.0,3.0,3.0,155.0,2.0,5.385258,-1.0,2.0,-1.0,1.0,0.0,1.0,0.0,16.237718,4.0,19.697781,0.0,1.155326,1.0,19.07715
1127,1848893129.0,3.0,2.0,96.0,9.0,63.696879,-1.0,4.0,-1.0,2.0,0.0,0.0,0.0,73.99622,3.0,44.828547,1.0,75.743585,0.0,31.747837
1083,1848893132.0,3.0,4.0,160.0,8.0,0.060335,-1.0,3.0,137.554034,1.0,-1.0,1.0,0.0,10.707995,-1.0,39.02571,0.0,49.09446,1.0,13.671059
1101,1848893138.0,3.0,4.0,125.0,2.0,35.497309,-1.0,2.0,-1.0,1.0,0.0,1.0,0.0,46.403976,4.0,17.062362,0.0,86.680571,1.0,80.000576
6504,1848893143.0,-1.0,2.0,156.0,3.0,3.565819,-1.0,4.0,78.098366,1.0,0.0,0.0,0.0,13.770842,3.0,30.109972,0.0,9.684136,0.0,9.989694
1095,1848893147.0,4.0,4.0,116.0,6.0,43.664081,-1.0,2.0,14.589984,1.0,0.0,0.0,0.0,53.709059,3.0,84.33835,0.0,60.685718,0.0,101.415785
1033,1848893150.0,2.0,2.0,157.0,4.0,3.343587,-1.0,4.0,44.049444,1.0,0.0,1.0,0.0,14.189145,3.0,27.213939,0.0,25.461019,1.0,26.045992
6505,1848893154.0,3.0,4.0,143.0,3.0,17.15909,-1.0,2.0,78.750285,1.0,0.0,0.0,0.0,27.839038,4.0,49.478389,1.0,22.735697,0.0,279.260746
6506,1848893158.0,-1.0,4.0,91.0,3.0,68.563211,-1.0,3.0,84.221671,2.0,-1.0,1.0,0.0,79.067569,3.0,119.961816,-1.0,21.461182,1.0,48.676176
1011,1848893164.0,2.0,3.0,138.0,5.0,22.010096,-1.0,4.0,32.787095,1.0,-1.0,1.0,0.0,32.535391,2.0,69.727256,-1.0,60.333379,1.0,291.52793
1204,1848893168.0,2.0,4.0,115.0,-1.0,45.299154,-1.0,3.0,62.077524,1.0,0.0,1.0,0.0,55.742377,3.0,26.561707,0.0,9.357076,1.0,24.839606
1205,1848893174.0,4.0,3.0,28.0,-1.0,132.484305,-1.0,3.0,85.194424,1.0,0.0,-1.0,0.0,143.014538,1.0,21.994211,0.0,34.838246,1.0,22.025442
1096,1848893176.0,3.0,3.0,135.0,6.0,25.306499,-1.0,3.0,111.338297,1.0,-1.0,1.0,0.0,36.055461,3.0,106.010586,0.0,9.681913,1.0,106.975627
6507,1848893180.0,2.0,3.0,118.0,3.0,41.53616,-1.0,2.0,37.789804,2.0,-1.0,1.0,0.0,52.502131,-1.0,76.005649,1.0,17.735414,-1.0,150.895285
1092,1848893186.0,3.0,2.0,140.0,7.0,19.894471,-1.0,4.0,-1.0,1.0,0.0,1.0,0.0,29.909187,4.0,98.116472,0.0,14.25667,1.0,129.234464
1206,1848893188.0,3.0,3.0,145.0,-1.0,14.79504,-1.0,4.0,96.086723,1.0,0.0,1.0,0.0,25.426605,2.0,46.609359,0.0,44.680795,1.0,26.248502
1012,1848893191.0,3.0,3.0,141.0,5.0,19.423224,-1.0,2.0,-1.0,1.0,-1.0,-1.0,0.0,29.519507,4.0,105.705847,0.0,18.805595,1.0,10.721303
1093,1848893196.0,2.0,3.0,133.0,7.0,26.678291,-1.0,2.0,108.352144,1.0,0.0,1.0,0.0,37.117692,1.0,49.029501,-1.0,16.499393,-1.0,141.466739
1102,1848893199.0,2.0,3.0,148.0,2.0,11.839114,-1.0,3.0,41.092416,0.0,1.0,0.0,1.0,22.265525,3.0,10.884895,1.0,0.45053,0.0,88.00676
6508,1848893204.0,2.0,3.0,143.0,3.0,17.129416,-1.0,4.0,23.131303,2.0,0.0,1.0,0.0,28.033926,1.0,16.315466,0.0,20.876878,1.0,17.343309
1094,1848893209.0,3.0,4.0,116.0,7.0,44.365595,-1.0,2.0,68.104892,2.0,0.0,1.0,0.0,54.930389,3.0,103.34427,0.0,19.913249,1.0,101.647833
1048,1848893215.0,4.0,2.0,117.0,0.0,42.696733,-1.0,3.0,48.069471,2.0,0.0,-1.0,0.0,53.233832,2.0,26.63951,1.0,15.275741,1.0,37.939346
6509,1848893221.0,4.0,2.0,125.0,3.0,35.452609,-1.0,2.0,35.258691,1.0,0.0,1.0,0.0,45.813718,3.0,1.967098,1.0,2.879652,1.0,123.504603
1034,1848893225.0,4.0,3.0,106.0,4.0,54.151886,-1.0,2.0,21.345756,1.0,0.0,1.0,0.0,64.484516,4.0,-1.0,1.0,18.68139,0.0,41.95152
6510,1848893230.0,2.0,4.0,144.0,3.0,16.494789,-1.0,4.0,112.688616,2.0,0.0,-1.0,0.0,26.704329,2.0,-1.0,0.0,57.484913,1.0,172.288395
6511,1848893235.0,4.0,4.0,149.0,3.0,10.732565,-1.0,3.0,38.03734,1.0,0.0,0.0,0.0,20.908128,2.0,27.312125,0.0,27.883127,0.0,38.296252
1013,1848893237.0,-1.0,2.0,99.0,5.0,61.108225,-1.0,4.0,-1.0,1.0,0.0,1.0,0.0,71.825224,3.0,-1.0,0.0,25.396763,1.0,230.032942
1207,1848893241.0,3.0,4.0,87.0,-1.0,73.489026,-1.0,4.0,-1.0,1.0,0.0,1.0,0.0,84.106678,2.0,-1.0,0.0,0.808713,1.0,171.759313
1128,1848893245.0,4.0,3.0,34.0,9.0,126.474454,-1.0,2.0,20.470213,0.0,1.0,1.0,1.0,137.280041,3.0,117.570478,0.0,51.20931,1.0,130.783474
1097,1848893249.0,3.0,2.0,147.0,6.0,12.761259,-1.0,3.0,27.457123,1.0,0.0,1.0,0.0,23.667533,3.0,22.231616,-1.0,9.877968,1.0,67.115035
6512,1848893253.0,3.0,3.0,62.0,3.0,98.095804,-1.0,3.0,27.91979,1.0,0.0,-1.0,0.0,109.066474,2.0,-1.0,0.0,84.447057,1.0,127.658222
6513,1848893258.0,2.0,-1.0,146.0,3.0,13.574135,-1.0,3.0,75.639437,1.0,0.0,1.0,0.0,23.70427,3.0,81.544727,0.0,48.889273,1.0,117.674366
6514,1848893262.0,3.0,2.0,143.0,3.0,17.163285,-1.0,3.0,44.803014,1.0,-1.0,1.0,0.0,27.441682,3.0,-1.0,0.0,6.766032,1.0,11.16454
1103,1848893268.0,4.0,4.0,104.0,2.0,56.472956,-1.0,4.0,0.932355,1.0,0.0,-1.0,0.0,67.453387,4.0,-1.0,0.0,15.386239,1.0,124.519223
1095,1848893272.0,2.0,3.0,109.0,7.0,51.436283,-1.0,3.0,101.316061,1.0,0.0,1.0,0.0,61.943922,3.0,-1.0,-1.0,69.208419,1.0,151.596534
1136,1848893276.0,4.0,3.0,51.0,1.0,109.254311,-1.0,3.0,123.502416,1.0,0.0,-1.0,0.0,119.67172,-1.0,68.946098,0.0,24.010953,1.0,195.521087
6515,1848893282.0,2.0,4.0,118.0,3.0,41.970959,-1.0,2.0,26.692578,1.0,0.0,1.0,0.0,52.411836,3.0,79.592013,0.0,5.64571,1.0,138.938395
1084,1848893284.0,3.0,4.0,155.0,8.0,4.764992,-1.0,3.0,85.709156,1.0,0.0,-1.0,0.0,15.216127,3.0,19.994721,0.0,1.656853,1.0,63.923728
1208,1848893288.0,2.0,3.0,74.0,-1.0,-1.0,-1.0,3.0,38.379518,1.0,0.0,-1.0,0.0,-1.0,4.0,2.238293,-1.0,1.002967,0.0,126.868108
6516,1848893293.0,3.0,3.0,119.0,3.0,41.035956,-1.0,2.0,49.050212,1.0,0.0,-1.0,0.0,51.382172,3.0,10.679317,0.0,28.2813,1.0,185.106608
1098,1848893298.0,3.0,4.0,143.0,6.0,16.877305,-1.0,3.0,-1.0,0.0,1.0,1.0,1.0,27.597446,3.0,80.3421,0.0,25.938042,1.0,51.90304
6517,1848893303.0,2.0,2.0,78.0,3.0,82.072799,-1.0,4.0,-1.0,2.0,0.0,1.0,0.0,92.172358,3.0,20.784572,0.0,92.032283,1.0,5.674564
1014,1848893306.0,2.0,3.0,74.0,5.0,-1.0,-1.0,2.0,144.700097,1.0,0.0,0.0,0.0,-1.0,-1.0,81.118716,0.0,12.395594,0.0,240.805226
1099,1848893310.0,2.0,2.0,93.0,6.0,66.596322,-1.0,2.0,33.100987,1.0,0.0,-1.0,0.0,77.521279,1.0,29.804332,1.0,41.822239,1.0,15.294001
1049,1848893314.0,2.0,3.0,156.0,0.0,3.530981,-1.0,4.0,-1.0,1.0,0.0,-1.0,0.0,14.37874,-1.0,14.380996,0.0,7.956908,1.0,14.139614
6518,1848893317.0,3.0,2.0,120.0,3.0,39.647183,-1.0,-1.0,62.730479,1.0,0.0,1.0,0.0,50.253599,4.0,52.049132,1.0,29.674496,1.0,150.310128
1104,1848893320.0,3.0,3.0,136.0,2.0,23.705602,-1.0,2.0,50.295923,1.0,0.0,1.0,0.0,34.335326,3.0,149.97169,1.0,26.88493,1.0,81.991775
1105,1848893324.0,3.0,4.0,147.0,2.0,12.952155,-1.0,3.0,46.079381,1.0,0.0,1.0,0.0,23.492796,4.0,34.077823,0.0,24.936146,1.0,175.056675
6519,1848893330.0,3.0,4.0,115.0,3.0,44.765849,-1.0,2.0,53.245448,1.0,0.0,1.0,0.0,54.861997,1.0,119.337218,0.0,18.857833,1.0,56.223167
1100,1848893332.0,4.0,3.0,101.0,6.0,59.417676,-1.0,4.0,9.065326,1.0,-1.0,-1.0,0.0,69.588685,3.0,39.496524,-1.0,9.078173,1.0,137.081043
1137,1848893337.0,3.0,4.0,144.0,1.0,16.364404,-1.0,2.0,148.158078,1.0,0.0,1.0,0.0,26.65308,1.0,22.876343,0.0,10.220678,1.0,1.327649
1035,1848893340.0,2.0,4.0,143.0,4.0,16.944582,-1.0,2.0,44.055763,1.0,-1.0,-1.0,0.0,27.822133,4.0,84.082742,0.0,57.735381,1.0,8.812779
6520,1848893342.0,2.0,3.0,150.0,3.0,10.300656,-1.0,4.0,104.658634,1.0,0.0,1.0,0.0,20.409156,3.0,16.923314,-1.0,70.206433,1.0,8.914524
1138,1848893348.0,2.0,4.0,118.0,1.0,41.727491,-1.0,3.0,0.005816,0.0,1.0,1.0,1.0,52.318495,3.0,103.853076,0.0,39.340721,1.0,227.553952
1139,1848893350.0,3.0,3.0,82.0,1.0,77.719562,-1.0,-1.0,83.671222,1.0,0.0,1.0,0.0,88.038063,4.0,30.84087,0.0,11.975775,1.0,130.665427
1050,1848893355.0,2.0,4.0,113.0,0.0,47.268278,-1.0,4.0,38.811494,1.0,0.0,0.0,0.0,58.088,-1.0,1.174571,0.0,68.618257,0.0,197.039749
1051,1848893358.0,2.0,3.0,138.0,0.0,22.456117,-1.0,2.0,7.273597,0.0,1.0,1.0,1.0,33.071737,4.0,-1.0,0.0,1.465865,1.0,2.54536
1129,1848893362.0,2.0,2.0,123.0,9.0,36.967955,-1.0,-1.0,92.686762,1.0,0.0,1.0,0.0,47.853835,3.0,37.349029,0.0,53.044765,1.0,62.351894
1209,1848893366.0,-1.0,4.0,145.0,-1.0,14.947076,-1.0,4.0,104.088185,1.0,-1.0,1.0,0.0,25.782032,1.0,52.738373,-1.0,15.021032,1.0,87.36183
6521,1848893368.0,4.0,3.0,144.0,3.0,15.79224,-1.0,2.0,-1.0,1.0,0.0,1.0,0.0,26.64003,-1.0,36.312282,1.0,13.748581,1.0,45.028436
1085,1848893370.0,2.0,4.0,74.0,8.0,85.767853,-1.0,3.0,82.240937,2.0,0.0,-1.0,0.0,96.65768,2.0,39.485093,0.0,9.471333,0.0,17.425353
1210,1848893372.0,2.0,3.0,106.0,-1.0,54.160825,-1.0,2.0,3.967016,1.0,0.0,1.0,0.0,64.295664,3.0,15.342768,1.0,0.04171,1.0,10.244938
1101,1848893374.0,4.0,2.0,157.0,6.0,3.488954,-1.0,2.0,24.138839,1.0,0.0,1.0,0.0,13.906822,2.0,-1.0,0.0,87.498177,1.0,24.369186
6522,1848893380.0,2.0,2.0,144.0,3.0,16.448493,-1.0,2.0,81.107887,0.0,1.0,0.0,1.0,27.411224,3.0,17.373337,0.0,23.418271,0.0,197.7048
1130,1848893385.0,3.0,2.0,148.0,9.0,12.388511,-1.0,4.0,3.379454,1.0,0.0,1.0,0.0,22.729951,1.0,77.445807,-1.0,1.779058,1.0,46.468333
1102,1848893388.0,2.0,3.0,36.0,6.0,123.806511,-1.0,3.0,35.511853,1.0,0.0,-1.0,0.0,134.408434,3.0,-1.0,0.0,83.424617,1.0,143.956516
1211,1848893394.0,2.0,2.0,133.0,-1.0,27.447702,-1.0,3.0,112.228967,0.0,1.0,1.0,1.0,38.13959,3.0,22.20099,0.0,20.330631,1.0,193.452344
1140,1848893396.0,4.0,3.0,141.0,1.0,19.219135,-1.0,2.0,69.941765,1.0,0.0,1.0,0.0,30.171105,1.0,17.497087,0.0,34.892815,1.0,29.942092
1015,1848893399.0,4.0,2.0,105.0,5.0,54.945568,-1.0,4.0,1.642388,0.0,1.0,1.0,1.0,65.205808,3.0,54.370017,0.0,11.097586,1.0,125.811212
6523,1848893405.0,3.0,3.0,74.0,3.0,-1.0,-1.0,3.0,56.521653,1.0,0.0,1.0,0.0,-1.0,1.0,99.050741,0.0,46.374364,1.0,8.755519
1052,1848893409.0,2.0,2.0,105.0,0.0,54.629378,-1.0,4.0,120.834928,1.0,0.0,0.0,0.0,65.602525,3.0,15.716965,0.0,21.318983,0.0,50.186561
6524,1848893411.0,3.0,4.0,69.0,3.0,90.739023,-1.0,-1.0,137.147234,2.0,0.0,-1.0,0.0,100.809478,3.0,42.907844,0.0,22.44428,1.0,9.654424
1212,1848893414.0,2.0,4.0,154.0,-1.0,6.35296,-1.0,2.0,3.570095,1.0,0.0,1.0,0.0,16.716758,3.0,24.270797,0.0,5.211486,1.0,115.631491
6525,1848893419.0,2.0,4.0,129.0,3.0,30.961587,-1.0,2.0,89.709259,1.0,0.0,1.0,0.0,41.670952,3.0,5.063993,0.0,52.283948,1.0,220.721798
6526,1848893422.0,3.0,2.0,57.0,3.0,102.714317,-1.0,2.0,29.358691,1.0,0.0,-1.0,0.0,112.912984,-1.0,45.898626,-1.0,35.36793,1.0,86.652693
1096,1848893428.0,3.0,4.0,52.0,7.0,108.025788,-1.0,2.0,22.367375,1.0,0.0,-1.0,0.0,118.357901,3.0,27.262825,0.0,8.958329,1.0,181.170546
1016,1848893434.0,2.0,2.0,74.0,5.0,-1.0,-1.0,3.0,140.804387,1.0,0.0,1.0,0.0,-1.0,2.0,27.121906,0.0,32.560717,1.0,198.408528
6527,1848893440.0,4.0,2.0,129.0,3.0,31.195935,-1.0,2.0,11.428813,1.0,-1.0,1.0,0.0,41.437254,3.0,29.370007,-1.0,11.109202,1.0,199.580649
1103,1848893444.0,4.0,2.0,138.0,6.0,21.60704,-1.0,4.0,49.767527,2.0,0.0,1.0,0.0,32.226754,3.0,53.459275,0.0,44.738804,0.0,232.965169
1104,1848893448.0,3.0,2.0,18.0,6.0,141.701534,-1.0,3.0,15.575062,1.0,0.0,1.0,0.0,151.734146,3.0,68.067788,1.0,16.904007,1.0,98.532733
1017,1848893450.0,3.0,3.0,101.0,5.0,59.326087,-1.0,2.0,104.454828,1.0,0.0,1.0,0.0,69.406607,2.0,52.363825,-1.0,2.653222,1.0,225.374403
1131,1848893455.0,2.0,3.0,105.0,9.0,54.574277,-1.0,4.0,49.789951,1.0,0.0,1.0,0.0,65.241808,3.0,116.976214,-1.0,8.649848,1.0,150.837869
1106,1848893460.0,2.0,4.0,117.0,2.0,43.296194,-1.0,-1.0,32.047857,1.0,0.0,1.0,0.0,54.208939,2.0,8.235845,0.0,17.022516,1.0,281.499123
1132,1848893465.0,3.0,4.0,122.0,9.0,38.488596,-1.0,4.0,77.145617,1.0,-1.0,0.0,0.0,48.73295,4.0,-1.0,0.0,38.007509,0.0,25.506028
1107,1848893469.0,4.0,2.0,156.0,2.0,4.240402,-1.0,3.0,111.777728,1.0,0.0,-1.0,0.0,15.001807,1.0,46.309892,0.0,45.898943,1.0,6.766334
1086,1848893471.0,2.0,2.0,154.0,8.0,5.621939,-1.0,2.0,60.625944,1.0,0.0,1.0,0.0,15.742036,3.0,24.338012,0.0,41.428072,1.0,240.706121
6528,1848893475.0,3.0,3.0,111.0,3.0,48.525527,-1.0,4.0,116.179242,1.0,0.0,1.0,0.0,58.862294,-1.0,18.595633,0.0,10.542984,1.0,12.767137
6529,1848893479.0,2.0,4.0,109.0,3.0,50.507464,-1.0,3.0,69.166989,1.0,0.0,1.0,0.0,61.085742,3.0,-1.0,0.0,12.555742,1.0,28.113291
6530,1848893482.0,3.0,3.0,122.0,3.0,38.281551,-1.0,4.0,-1.0,1.0,0.0,-1.0,0.0,48.722718,1.0,31.643996,0.0,23.850344,1.0,116.124655
1053,1848893484.0,3.0,2.0,81.0,0.0,78.763949,-1.0,-1.0,7.489318,1.0,0.0,1.0,0.0,89.235228,-1.0,36.619254,0.0,24.163291,1.0,109.487337
6531,1848893490.0,2.0,3.0,150.0,3.0,10.413207,-1.0,4.0,30.885098,2.0,-1.0,1.0,0.0,21.303782,-1.0,5.939984,0.0,58.752478,1.0,153.663809
1108,1848893492.0,4.0,4.0,61.0,2.0,99.339184,-1.0,3.0,-1.0,1.0,-1.0,-1.0,0.0,110.267389,1.0,11.029788,0.0,20.438929,0.0,134.78079
1036,1848893496.0,4.0,2.0,139.0,4.0,21.127894,-1.0,4.0,94.807975,1.0,0.0,1.0,0.0,31.474898,3.0,39.116235,0.0,2.176217,1.0,148.599451
6532,1848893500.0,2.0,3.0,138.0,3.0,21.717916,-1.0,-1.0,33.5837,1.0,0.0,1.0,0.0,32.59399,1.0,31.699302,1.0,40.47823,1.0,36.824731
6533,1848893505.0,4.0,3.0,118.0,3.0,42.319462,-1.0,2.0,10.637575,1.0,-1.0,1.0,0.0,52.534134,1.0,62.847508,-1.0,21.915855,1.0,150.743502
1141,1848893508.0,2.0,4.0,154.0,1.0,6.362438,-1.0,3.0,-1.0,1.0,0.0,1.0,0.0,17.191916,3.0,13.673636,0.0,6.472778,1.0,92.655692
1213,1848893511.0,3.0,4.0,112.0,-1.0,48.163951,-1.0,3.0,93.492921,1.0,0.0,-1.0,0.0,58.392906,3.0,32.705822,0.0,49.607913,1.0,156.792762
6534,1848893513.0,2.0,3.0,159.0,3.0,1.245401,-1.0,2.0,-1.0,1.0,-1.0,1.0,0.0,11.834141,4.0,7.823266,0.0,36.627328,1.0,1.360585
6535,1848893516.0,3.0,3.0,119.0,3.0,41.016989,-1.0,3.0,12.426455,1.0,0.0,0.0,0.0,51.416562,4.0,12.053825,0.0,24.032691,0.0,195.642944
6536,1848893518.0,2.0,3.0,144.0,3.0,15.89367,-1.0,2.0,45.840069,1.0,0.0,-1.0,0.0,25.90403,4.0,129.916832,0.0,5.329493,1.0,129.63069
1018,1848893524.0,2.0,2.0,44.0,5.0,115.672743,-1.0,3.0,30.402946,2.0,0.0,1.0,0.0,126.484256,3.0,37.557445,0.0,30.589946,1.0,189.80005
1019,1848893527.0,4.0,3.0,97.0,5.0,62.505981,-1.0,2.0,18.374581,1.0,0.0,1.0,0.0,73.465346,4.0,-1.0,0.0,21.207358,1.0,87.340543
1214,1848893530.0,2.0,4.0,158.0,-1.0,2.225867,-1.0,-1.0,37.338156,1.0,0.0,1.0,0.0,12.881118,1.0,106.88417,0.0,30.501178,1.0,90.864031
6537,1848893536.0,4.0,4.0,99.0,3.0,60.573999,-1.0,3.0,86.219419,2.0,0.0,1.0,0.0,70.971441,4.0,18.142223,0.0,24.927879,1.0,173.35085
6538,1848893541.0,3.0,3.0,85.0,3.0,74.808195,-1.0,3.0,76.280262,2.0,0.0,1.0,0.0,85.289471,3.0,-1.0,0.0,9.029282,1.0,180.953571
6539,1848893546.0,2.0,3.0,79.0,3.0,81.297848,-1.0,4.0,4.724822,1.0,0.0,-1.0,0.0,92.189613,3.0,-1.0,-1.0,65.418792,1.0,27.044888
6540,1848893548.0,3.0,3.0,157.0,3.0,2.965681,-1.0,2.0,27.848361,1.0,-1.0,1.0,0.0,13.638202,2.0,24.271976,0.0,64.18065,1.0,159.316271
1020,1848893553.0,3.0,3.0,138.0,5.0,21.877063,-1.0,4.0,31.441118,1.0,0.0,1.0,0.0,32.433929,-1.0,24.487773,1.0,5.47678,1.0,39.99189
6541,1848893557.0,4.0,4.0,151.0,3.0,9.219413,-1.0,3.0,87.04218,2.0,0.0,1.0,0.0,19.735908,3.0,104.8892,0.0,14.186555,1.0,74.087479
1105,1848893562.0,4.0,3.0,62.0,6.0,98.441316,-1.0,2.0,16.278584,1.0,0.0,0.0,0.0,108.601104,3.0,37.60987,0.0,15.782748,0.0,148.595916
1142,1848893564.0,3.0,3.0,120.0,1.0,39.589589,-1.0,3.0,114.043948,1.0,0.0,-1.0,0.0,50.446577,3.0,-1.0,0.0,27.46437,1.0,70.365874
6542,1848893570.0,4.0,3.0,96.0,3.0,64.471243,-1.0,2.0,45.414,1.0,0.0,1.0,0.0,74.657478,3.0,19.165187,1.0,33.576765,1.0,90.696684
1109,1848893576.0,4.0,2.0,133.0,2.0,26.893339,-1.0,2.0,11.727515,1.0,0.0,1.0,0.0,37.255988,1.0,8.625922,0.0,70.254994,1.0,71.381289
1110,1848893581.0,4.0,2.0,147.0,2.0,13.14238,-1.0,3.0,21.107739,1.0,0.0,1.0,0.0,23.946808,-1.0,28.243476,0.0,8.312891,-1.0,60.255314
1143,1848893587.0,4.0,2.0,127.0,1.0,33.446485,-1.0,4.0,50.17046,2.0,-1.0,1.0,0.0,43.593177,3.0,23.732884,1.0,17.114236,1.0,57.327094
1133,1848893591.0,3.0,4.0,63.0,9.0,96.550877,-1.0,-1.0,117.312261,1.0,0.0,1.0,0.0,107.308304,3.0,19.472488,0.0,20.939113,1.0,140.245873
1021,1848893597.0,4.0,2.0,134.0,5.0,25.674667,-1.0,3.0,18.669975,0.0,1.0,-1.0,1.0,35.679386,2.0,83.325952,0.0,42.048618,1.0,143.675867
1054,1848893599.0,3.0,3.0,101.0,0.0,58.546257,-1.0,2.0,140.446131,1.0,0.0,1.0,0.0,68.962544,-1.0,75.940648,1.0,21.773431,1.0,100.123832
1134,1848893604.0,4.0,2.0,120.0,9.0,40.465559,-1.0,4.0,1.439866,1.0,0.0,1.0,0.0,51.438309,3.0,17.791931,0.0,49.13675,1.0,-1.0
6543,1848893609.0,3.0,4.0,91.0,3.0,69.44027,-1.0,4.0,65.958373,1.0,0.0,1.0,0.0,79.67491,3.0,100.455664,0.0,19.320553,1.0,184.057238
1111,1848893613.0,2.0,2.0,31.0,2.0,128.588629,-1.0,3.0,89.714682,1.0,-1.0,1.0,0.0,139.116692,2.0,49.944194,0.0,36.402033,1.0,179.239314
1112,1848893615.0,2.0,2.0,151.0,2.0,9.277082,-1.0,2.0,35.07107,1.0,0.0,1.0,0.0,19.772701,3.0,64.393134,0.0,50.765532,1.0,77.26884
1135,1848893618.0,2.0,4.0,88.0,9.0,72.439379,-1.0,2.0,51.414696,1.0,0.0,-1.0,0.0,82.655697,3.0,85.776055,1.0,15.089241,1.0,74.78604
1087,1848893622.0,4.0,4.0,121.0,8.0,39.243041,-1.0,4.0,29.391996,1.0,0.0,1.0,0.0,49.956795,4.0,5.305774,0.0,43.945834,-1.0,134.50014
1097,1848893626.0,3.0,3.0,51.0,7.0,109.146684,-1.0,3.0,35.718758,1.0,0.0,1.0,0.0,119.61255,3.0,99.676716,0.0,42.71799,1.0,160.669366
1022,1848893631.0,3.0,2.0,122.0,5.0,37.988485,-1.0,-1.0,67.147577,2.0,0.0,1.0,0.0,48.844681,1.0,99.500183,0.0,19.331515,1.0,137.116251
1144,1848893633.0,4.0,2.0,141.0,1.0,18.732867,-1.0,3.0,73.795064,1.0,0.0,1.0,0.0,29.095866,3.0,99.25421,1.0,38.052974,-1.0,60.681208
1098,1848893636.0,4.0,2.0,104.0,7.0,56.325311,-1.0,-1.0,79.033191,1.0,0.0,0.0,0.0,66.548317,2.0,25.665797,0.0,21.180131,0.0,17.042883
1099,1848893640.0,2.0,2.0,114.0,7.0,45.678484,-1.0,2.0,51.385676,1.0,0.0,-1.0,0.0,55.891222,1.0,63.611684,0.0,14.79892,-1.0,179.070843
1037,1848893644.0,2.0,2.0,149.0,4.0,10.513493,-1.0,4.0,9.405046,2.0,-1.0,1.0,0.0,20.885595,3.0,48.520251,0.0,46.546633,1.0,62.775283
1100,1848893648.0,2.0,3.0,138.0,7.0,21.835348,-1.0,3.0,36.710784,1.0,0.0,1.0,0.0,32.02059,2.0,92.555489,0.0,13.860835,1.0,232.100998
1106,1848893650.0,2.0,-1.0,97.0,6.0,62.785747,-1.0,2.0,22.489188,1.0,0.0,1.0,0.0,73.699006,3.0,14.627171,0.0,4.078557,1.0,17.95838
1215,1848893655.0,2.0,2.0,126.0,-1.0,34.133234,-1.0,4.0,124.165318,1.0,0.0,1.0,0.0,44.900072,4.0,4.146681,0.0,14.087121,1.0,102.848761
1113,1848893661.0,4.0,2.0,145.0,2.0,15.311564,-1.0,3.0,107.899453,1.0,0.0,1.0,0.0,25.977945,3.0,60.226169,1.0,8.826034,0.0,132.272483
1038,1848893665.0,4.0,2.0,157.0,4.0,2.851658,-1.0,2.0,13.174024,2.0,0.0,1.0,0.0,12.96228,2.0,34.578383,0.0,4.801621,1.0,64.128363
6544,1848893671.0,3.0,3.0,127.0,3.0,32.782455,-1.0,-1.0,58.129083,1.0,-1.0,1.0,0.0,43.543989,3.0,-1.0,0.0,27.729951,1.0,125.429893
1039,1848893676.0,3.0,4.0,16.0,4.0,144.234688,-1.0,4.0,56.835379,1.0,0.0,1.0,0.0,154.299995,1.0,2.100907,1.0,50.86374,1.0,131.715016
1145,1848893680.0,-1.0,3.0,99.0,1.0,60.669735,-1.0,2.0,5.213088,1.0,0.0,1.0,0.0,70.9523,3.0,7.127582,0.0,5.034961,1.0,85.60628
1088,1848893686.0,4.0,3.0,149.0,8.0,11.17472,-1.0,2.0,77.081056,1.0,0.0,1.0,0.0,21.983677,-1.0,23.066757,0.0,75.660577,1.0,47.454234
6545,1848893691.0,4.0,2.0,156.0,3.0,4.259359,-1.0,4.0,-1.0,0.0,1.0,1.0,1.0,15.006658,3.0,33.836403,1.0,69.72398,1.0,15.752889
1101,1848893693.0,2.0,4.0,120.0,7.0,40.00839,-1.0,2.0,63.691257,1.0,0.0,1.0,0.0,50.842582,1.0,78.951494,1.0,10.203243,1.0,62.951327
6546,1848893696.0,4.0,3.0,25.0,3.0,134.925971,-1.0,2.0,19.353786,1.0,0.0,1.0,0.0,145.596001,3.0,69.509046,0.0,32.345569,1.0,47.161694
1216,1848893699.0,4.0,2.0,55.0,-1.0,104.942095,-1.0,3.0,1.697146,0.0,1.0,1.0,1.0,115.529197,3.0,46.300243,0.0,8.681796,-1.0,86.975578
1055,1848893703.0,3.0,3.0,103.0,0.0,57.268635,-1.0,3.0,31.363027,1.0,0.0,-1.0,0.0,67.784356,4.0,58.566755,0.0,12.352402,-1.0,21.45056
1056,1848893707.0,4.0,4.0,72.0,0.0,87.910526,-1.0,3.0,58.246181,2.0,0.0,-1.0,0.0,98.501362,2.0,104.406432,0.0,10.819015,1.0,89.065772
6547,1848893710.0,3.0,4.0,125.0,3.0,35.134137,-1.0,-1.0,24.930478,1.0,0.0,-1.0,0.0,45.274982,3.0,-1.0,0.0,0.00668,1.0,10.301902
1114,1848893714.0,2.0,3.0,74.0,2.0,-1.0,-1.0,4.0,2.378254,0.0,1.0,1.0,1.0,-1.0,3.0,20.277307,-1.0,23.15868,-1.0,19.12239
1102,1848893720.0,4.0,3.0,150.0,7.0,9.572335,-1.0,2.0,-1.0,2.0,0.0,0.0,0.0,20.115335,3.0,28.256444,-1.0,35.891956,0.0,18.175771
1103,1848893723.0,2.0,3.0,134.0,7.0,25.604361,-1.0,-1.0,109.567992,0.0,1.0,0.0,1.0,36.150528,2.0,130.37845,0.0,5.208479,0.0,34.542906
6548,1848893729.0,2.0,4.0,150.0,3.0,9.90046,-1.0,4.0,18.521101,2.0,0.0,-1.0,0.0,20.084792,-1.0,99.394268,0.0,43.233858,1.0,28.582221
1104,1848893735.0,3.0,2.0,144.0,7.0,16.175156,-1.0,-1.0,-1.0,1.0,-1.0,0.0,0.0,26.478678,3.0,136.677711,0.0,15.015773,0.0,159.316778
6549,1848893738.0,2.0,4.0,114.0,3.0,45.69981,-1.0,-1.0,85.784771,1.0,0.0,1.0,0.0,56.590463,1.0,-1.0,0.0,30.663601,1.0,173.482757
1107,1848893744.0,4.0,2.0,138.0,6.0,21.856993,-1.0,3.0,70.523317,2.0,0.0,1.0,0.0,32.464184,3.0,21.929862,0.0,14.012619,1.0,46.133371
6550,1848893748.0,2.0,2.0,44.0,3.0,115.578205,-1.0,2.0,48.304619,1.0,0.0,1.0,0.0,126.19081,3.0,2.42273,0.0,48.159565,0.0,28.031132
1057,1848893754.0,3.0,2.0,147.0,0.0,12.871392,-1.0,3.0,33.347643,1.0,0.0,0.0,0.0,23.428783,3.0,32.086415,1.0,37.022387,0.0,118.433166
1217,1848893760.0,4.0,2.0,70.0,-1.0,89.894388,-1.0,4.0,38.795069,1.0,0.0,1.0,0.0,100.014935,4.0,70.820071,0.0,18.097234,1.0,199.563881
1115,1848893765.0,2.0,2.0,110.0,2.0,49.518283,-1.0,3.0,49.213769,1.0,0.0,1.0,0.0,60.15968,-1.0,26.962984,0.0,13.685822,1.0,163.023648
1108,1848893769.0,4.0,4.0,112.0,6.0,47.647811,-1.0,4.0,108.899181,1.0,0.0,-1.0,0.0,58.014629,1.0,-1.0,1.0,42.359127,1.0,152.540336
1109,1848893771.0,2.0,4.0,122.0,6.0,37.882399,-1.0,3.0,102.967971,1.0,-1.0,1.0,0.0,48.066808,3.0,110.888275,0.0,60.347172,1.0,163.745108
1023,1848893774.0,4.0,4.0,19.0,5.0,140.560967,-1.0,4.0,87.915127,1.0,0.0,1.0,0.0,151.152003,3.0,53.194103,0.0,7.172983,1.0,67.867131
1089,1848893776.0,3.0,2.0,123.0,8.0,37.039638,-1.0,3.0,25.721098,1.0,-1.0,1.0,0.0,47.922262,4.0,60.125297,0.0,43.310565,1.0,167.68509
1116,1848893782.0,3.0,4.0,89.0,2.0,70.982634,-1.0,2.0,15.138394,2.0,0.0,1.0,0.0,81.40063,3.0,-1.0,-1.0,6.676993,-1.0,108.540355
6551,1848893784.0,-1.0,2.0,40.0,3.0,119.761159,-1.0,4.0,11.588559,1.0,0.0,1.0,0.0,129.792889,1.0,63.304099,0.0,37.043146,1.0,28.920383
6552,1848893788.0,3.0,3.0,158.0,3.0,1.617872,-1.0,3.0,20.691184,2.0,0.0,1.0,0.0,11.885794,3.0,40.948394,0.0,9.064642,1.0,198.32008
1105,1848893791.0,3.0,3.0,116.0,7.0,44.208612,-1.0,2.0,39.729943,1.0,0.0,1.0,0.0,54.484353,3.0,90.872279,-1.0,24.868056,1.0,43.977424
1146,1848893794.0,-1.0,2.0,152.0,1.0,8.352566,-1.0,3.0,24.59566,1.0,0.0,1.0,0.0,18.726738,1.0,11.390709,0.0,10.194919,1.0,-1.0
6553,1848893796.0,-1.0,3.0,158.0,3.0,2.095145,-1.0,3.0,-1.0,0.0,1.0,-1.0,1.0,12.226032,-1.0,87.273346,0.0,35.475739,1.0,35.350738
1090,1848893798.0,3.0,4.0,74.0,8.0,-1.0,-1.0,3.0,9.498467,1.0,0.0,1.0,0.0,-1.0,3.0,1.405057,0.0,13.858983,1.0,58.014109
1136,1848893803.0,4.0,3.0,36.0,9.0,123.515964,-1.0,4.0,126.620607,1.0,0.0,1.0,0.0,133.580276,4.0,3.662106,0.0,19.413585,1.0,85.875592
6554,1848893807.0,3.0,2.0,119.0,3.0,41.046448,-1.0,2.0,99.215784,1.0,0.0,1.0,0.0,51.410863,3.0,0.609117,1.0,34.491915,1.0,104.525281
1024,1848893812.0,3.0,4.0,57.0,5.0,103.290582,-1.0,4.0,15.988694,2.0,0.0,0.0,0.0,113.804409,-1.0,99.20412,0.0,21.600318,0.0,133.028302
1040,1848893817.0,2.0,4.0,141.0,4.0,19.131825,-1.0,4.0,115.555889,1.0,-1.0,1.0,0.0,29.600526,1.0,47.423696,0.0,84.542436,-1.0,59.15878
6555,1848893821.0,4.0,4.0,82.0,3.0,78.223321,-1.0,3.0,2.100041,0.0,1.0,1.0,1.0,88.26498,3.0,119.983922,1.0,28.661209,1.0,9.258159
1117,1848893823.0,2.0,3.0,103.0,2.0,57.094725,-1.0,2.0,25.705429,1.0,0.0,1.0,0.0,67.564282,2.0,36.903171,0.0,0.899989,1.0,114.996547
1147,1848893826.0,3.0,2.0,128.0,1.0,31.588052,-1.0,4.0,42.891763,1.0,0.0,1.0,0.0,41.940316,3.0,100.670271,-1.0,20.502043,1.0,97.824949
6556,1848893828.0,3.0,4.0,142.0,3.0,17.629743,-1.0,2.0,31.865217,1.0,0.0,1.0,0.0,28.420656,3.0,66.922291,0.0,37.08462,1.0,86.01737
1041,1848893831.0,3.0,3.0,74.0,4.0,-1.0,-1.0,2.0,31.033313,2.0,-1.0,1.0,0.0,-1.0,4.0,8.804923,0.0,26.000723,1.0,82.890206
6557,1848893833.0,4.0,3.0,158.0,3.0,2.32656,-1.0,2.0,11.551154,0.0,1.0,1.0,1.0,12.815942,1.0,35.866568,-1.0,36.518636,1.0,83.503141
1106,1848893836.0,3.0,3.0,116.0,7.0,43.683587,-1.0,2.0,-1.0,1.0,0.0,1.0,0.0,54.036077,3.0,-1.0,0.0,56.14745,1.0,48.30361
6558,1848893840.0,2.0,2.0,130.0,3.0,30.41369,-1.0,4.0,21.807985,1.0,-1.0,1.0,0.0,40.536011,-1.0,99.205255,0.0,41.927842,1.0,91.267463
6559,1848893845.0,4.0,2.0,99.0,3.0,60.811016,-1.0,2.0,-1.0,2.0,-1.0,1.0,0.0,71.674611,1.0,-1.0,0.0,16.089868,1.0,34.081715
1110,1848893849.0,4.0,4.0,156.0,6.0,3.840857,-1.0,2.0,63.687515,2.0,0.0,1.0,0.0,14.667947,4.0,93.361379,0.0,29.3268,1.0,-1.0
1058,1848893851.0,3.0,2.0,131.0,0.0,28.575083,-1.0,4.0,87.206276,2.0,0.0,0.0,0.0,38.750923,2.0,-1.0,0.0,30.108211,0.0,180.523592
6560,1848893857.0,2.0,2.0,136.0,3.0,24.033706,-1.0,2.0,140.915539,1.0,0.0,-1.0,0.0,34.371671,3.0,112.853454,1.0,36.623742,1.0,35.261136
1059,1848893859.0,3.0,3.0,136.0,0.0,23.738577,-1.0,4.0,70.997808,1.0,0.0,1.0,0.0,34.219064,-1.0,23.133289,0.0,72.680903,1.0,29.547641
1042,1848893862.0,4.0,2.0,151.0,4.0,8.523099,-1.0,4.0,7.370112,1.0,0.0,-1.0,0.0,19.287212,3.0,41.156494,1.0,18.031254,1.0,78.645479
1137,1848893868.0,4.0,3.0,156.0,9.0,3.745626,-1.0,3.0,47.701642,1.0,0.0,-1.0,0.0,13.791684,2.0,29.280006,0.0,0.585517,1.0,3.916483
1043,1848893873.0,4.0,4.0,94.0,4.0,66.182837,-1.0,2.0,-1.0,1.0,0.0,1.0,0.0,76.194055,3.0,44.35371,1.0,66.453721,1.0,135.445874
6561,1848893875.0,3.0,4.0,74.0,3.0,-1.0,-1.0,-1.0,5.75198,2.0,0.0,-1.0,0.0,-1.0,1.0,15.035758,0.0,9.751846,1.0,57.929265
1118,1848893880.0,2.0,4.0,79.0,2.0,80.745696,-1.0,4.0,35.823915,1.0,0.0,1.0,0.0,91.710009,3.0,20.737346,-1.0,3.732044,1.0,66.210048
6562,1848893883.0,3.0,2.0,40.0,3.0,120.003843,-1.0,3.0,51.913644,1.0,0.0,0.0,0.0,130.918993,1.0,-1.0,0.0,28.758945,0.0,250.638699
1025,1848893887.0,2.0,2.0,74.0,5.0,-1.0,-1.0,2.0,-1.0,1.0,0.0,0.0,0.0,-1.0,3.0,64.721893,0.0,8.942393,0.0,32.534483
6563,1848893891.0,2.0,4.0,74.0,3.0,-1.0,-1.0,3.0,2.709774,1.0,0.0,-1.0,0.0,-1.0,3.0,23.451529,0.0,1.72474,1.0,32.42509
1138,1848893894.0,-1.0,2.0,116.0,9.0,43.738047,-1.0,3.0,-1.0,1.0,0.0,1.0,0.0,53.747433,-1.0,17.744457,0.0,7.459816,1.0,15.430102
6564,1848893897.0,4.0,2.0,147.0,3.0,12.501441,-1.0,-1.0,61.305161,1.0,-1.0,1.0,0.0,23.298436,-1.0,14.582163,0.0,22.078081,1.0,114.963266
6565,1848893900.0,4.0,4.0,126.0,3.0,33.804725,-1.0,3.0,16.929664,0.0,1.0,1.0,1.0,44.377001,3.0,26.630753,0.0,0.425334,1.0,-1.0
1107,1848893904.0,2.0,3.0,156.0,7.0,3.627687,-1.0,2.0,82.444711,2.0,0.0,1.0,0.0,13.912328,3.0,32.674248,0.0,16.497553,1.0,187.703297
6566,1848893908.0,3.0,-1.0,132.0,3.0,28.092464,-1.0,4.0,1.459848,1.0,0.0,1.0,0.0,38.470381,3.0,74.568801,0.0,22.921234,1.0,79.104123
1044,1848893910.0,4.0,2.0,128.0,4.0,32.480605,-1.0,4.0,130.427973,1.0,0.0,0.0,0.0,42.720089,3.0,41.261783,1.0,33.770059,0.0,78.402294
1026,1848893916.0,2.0,4.0,149.0,5.0,11.397555,-1.0,3.0,104.139099,1.0,0.0,1.0,0.0,22.195171,3.0,96.078045,1.0,41.100343,1.0,74.066348
6567,1848893920.0,3.0,-1.0,97.0,3.0,63.32329,-1.0,3.0,21.811852,1.0,0.0,-1.0,0.0,74.26584,2.0,39.773896,0.0,46.681245,1.0,30.280397
1060,1848893924.0,3.0,3.0,116.0,0.0,43.637302,-1.0,3.0,101.936769,2.0,0.0,-1.0,0.0,54.443934,-1.0,75.125753,0.0,82.754974,0.0,28.427009
6568,1848893926.0,4.0,2.0,78.0,3.0,82.112848,-1.0,3.0,66.919566,1.0,0.0,1.0,0.0,92.987838,4.0,12.11945,0.0,63.58355,1.0,49.617175
1139,1848893929.0,4.0,4.0,140.0,9.0,20.423579,-1.0,-1.0,35.392108,1.0,0.0,1.0,0.0,30.621591,1.0,76.357858,0.0,7.357011,1.0,130.184033
6569,1848893931.0,4.0,2.0,159.0,3.0,0.500386,-1.0,2.0,96.509819,1.0,0.0,-1.0,0.0,11.14197,2.0,143.934707,-1.0,53.495746,1.0,-1.0
6570,1848893936.0,2.0,3.0,139.0,3.0,21.116961,-1.0,2.0,11.543614,1.0,0.0,1.0,0.0,31.293092,3.0,17.357795,0.0,5.855987,1.0,148.433897
1091,1848893940.0,3.0,2.0,82.0,8.0,78.291089,-1.0,2.0,44.614432,1.0,0.0,1.0,0.0,88.370677,3.0,120.818985,0.0,10.814612,1.0,79.67621
1092,1848893944.0,4.0,3.0,118.0,8.0,42.411694,-1.0,4.0,-1.0,1.0,-1.0,1.0,0.0,53.143518,1.0,138.726929,1.0,16.792837,-1.0,105.860323
1061,1848893946.0,2.0,3.0,139.0,0.0,21.405586,-1.0,2.0,65.788047,1.0,0.0,1.0,0.0,32.130603,3.0,56.216763,1.0,7.432456,1.0,36.341648
1140,1848893952.0,2.0,-1.0,77.0,9.0,82.996762,-1.0,4.0,-1.0,1.0,0.0,1.0,0.0,93.565211,3.0,39.470312,0.0,0.615123,1.0,191.789401
6571,1848893955.0,2.0,3.0,116.0,3.0,43.970753,-1.0,4.0,11.178545,2.0,0.0,0.0,0.0,54.24518,1.0,5.481131,0.0,30.167311,0.0,158.143336
1093,1848893961.0,2.0,2.0,152.0,8.0,8.39561,-1.0,3.0,28.287504,1.0,0.0,1.0,0.0,18.455318,3.0,18.548405,0.0,8.991747,1.0,174.322542
1062,1848893964.0,4.0,3.0,125.0,0.0,35.348493,-1.0,2.0,58.676051,1.0,0.0,1.0,0.0,46.029682,4.0,4.148109,0.0,45.031862,1.0,30.186642
1141,1848893967.0,3.0,4.0,59.0,9.0,101.352727,-1.0,4.0,7.992674,1.0,-1.0,1.0,0.0,111.752891,3.0,8.096589,0.0,55.76485,1.0,258.466448
1063,1848893972.0,2.0,2.0,155.0,0.0,4.722671,-1.0,2.0,18.113537,1.0,0.0,1.0,0.0,15.563086,-1.0,-1.0,-1.0,80.519317,1.0,67.590484
6572,1848893976.0,2.0,4.0,92.0,3.0,68.359763,-1.0,4.0,1.229997,1.0,0.0,1.0,0.0,78.73006,2.0,28.805903,0.0,32.5701,1.0,-1.0
1142,1848893979.0,2.0,4.0,74.0,9.0,-1.0,-1.0,-1.0,85.215693,2.0,0.0,-1.0,0.0,-1.0,3.0,1.95153,1.0,1.67688,1.0,23.277271
1143,1848893985.0,3.0,3.0,100.0,9.0,59.891198,-1.0,3.0,113.399206,1.0,0.0,1.0,0.0,70.433182,3.0,12.871325,0.0,18.678841,1.0,6.77577
1045,1848893987.0,2.0,4.0,92.0,4.0,67.95962,-1.0,3.0,92.437643,2.0,-1.0,1.0,0.0,78.149831,3.0,51.0645,0.0,12.214869,1.0,162.150754
6573,1848893993.0,2.0,4.0,74.0,3.0,-1.0,-1.0,4.0,16.969651,1.0,0.0,1.0,0.0,-1.0,1.0,-1.0,0.0,8.408835,1.0,38.347179
1064,1848893995.0,3.0,3.0,122.0,0.0,37.577741,-1.0,4.0,78.139747,1.0,-1.0,1.0,0.0,47.95276,3.0,38.670635,0.0,25.58253,1.0,190.626451
6574,1848894001.0,2.0,4.0,133.0,3.0,27.178749,-1.0,4.0,21.565428,1.0,-1.0,1.0,0.0,38.114326,3.0,36.607103,0.0,36.687502,1.0,129.302804
1027,1848894007.0,-1.0,4.0,110.0,5.0,50.088293,-1.0,3.0,-1.0,1.0,0.0,-1.0,0.0,60.488663,-1.0,49.087901,-1.0,2.91436,0.0,45.257496
1111,1848894010.0,3.0,2.0,73.0,6.0,86.590278,-1.0,2.0,68.370103,1.0,0.0,-1.0,0.0,97.075053,3.0,76.123565,0.0,38.346246,1.0,248.96873
1046,1848894015.0,3.0,3.0,93.0,4.0,67.220725,-1.0,3.0,99.288897,1.0,0.0,1.0,0.0,77.46144,1.0,56.000834,0.0,30.62655,1.0,80.038356
6575,1848894017.0,2.0,2.0,150.0,3.0,9.704379,-1.0,3.0,11.144768,1.0,0.0,0.0,0.0,19.882555,1.0,40.506086,0.0,18.506337,0.0,119.805434
1218,1848894023.0,3.0,2.0,74.0,-1.0,-1.0,-1.0,-1.0,32.178612,1.0,0.0,-1.0,0.0,-1.0,3.0,-1.0,1.0,49.469023,1.0,23.565983
1108,1848894027.0,4.0,4.0,124.0,7.0,35.857727,-1.0,2.0,39.699907,0.0,1.0,0.0,1.0,46.110189,3.0,51.133716,0.0,2.229072,0.0,271.707921
1119,1848894032.0,2.0,3.0,134.0,2.0,26.444728,-1.0,3.0,23.967583,0.0,1.0,1.0,1.0,37.202196,1.0,19.839015,0.0,20.78834,1.0,144.42293
6576,1848894036.0,3.0,4.0,64.0,3.0,95.510148,-1.0,2.0,-1.0,1.0,0.0,1.0,0.0,106.448221,3.0,125.433227,0.0,6.961177,0.0,143.683748
1219,1848894041.0,2.0,4.0,126.0,-1.0,33.843102,-1.0,3.0,61.472259,1.0,0.0,1.0,0.0,44.840306,3.0,12.953832,0.0,1.144604,1.0,34.966826
1047,1848894046.0,3.0,2.0,134.0,4.0,25.567664,-1.0,3.0,47.516789,1.0,0.0,1.0,0.0,36.421164,3.0,47.205684,0.0,9.339664,1.0,30.362831
6577,1848894050.0,3.0,4.0,142.0,3.0,18.403153,-1.0,2.0,50.351248,1.0,0.0,1.0,0.0,28.753821,2.0,25.911718,0.0,30.662266,1.0,-1.0
1148,1848894055.0,3.0,3.0,151.0,1.0,9.165712,-1.0,2.0,42.717188,2.0,0.0,1.0,0.0,19.498481,4.0,87.61464,0.0,19.141131,1.0,44.499031
1048,1848894058.0,4.0,3.0,132.0,4.0,28.143206,-1.0,3.0,-1.0,0.0,1.0,-1.0,1.0,38.29442,1.0,15.198497,0.0,6.93537,1.0,22.106103
6578,1848894061.0,2.0,4.0,139.0,3.0,20.893172,-1.0,4.0,139.85586,1.0,0.0,0.0,0.0,31.64132,4.0,2.684192,1.0,30.914001,0.0,186.012874
1049,1848894064.0,2.0,4.0,152.0,4.0,7.901279,-1.0,2.0,83.865468,1.0,0.0,0.0,0.0,18.622324,2.0,58.58735,0.0,22.43285,0.0,58.228198
1109,1848894069.0,3.0,4.0,143.0,7.0,17.101452,-1.0,2.0,51.610454,1.0,0.0,1.0,0.0,27.795182,1.0,2.400061,-1.0,10.041071,1.0,43.488941
1094,1848894072.0,-1.0,3.0,27.0,8.0,133.163443,-1.0,-1.0,-1.0,1.0,0.0,1.0,0.0,143.820481,3.0,133.082659,0.0,47.57091,1.0,233.711686
6579,1848894078.0,3.0,3.0,126.0,3.0,33.794002,-1.0,3.0,33.163906,1.0,0.0,1.0,0.0,44.193375,3.0,77.537628,0.0,21.597916,1.0,49.605486
1065,1848894084.0,4.0,2.0,30.0,0.0,129.744432,-1.0,4.0,-1.0,1.0,0.0,0.0,0.0,139.950547,2.0,40.47002,0.0,0.945029,0.0,30.648168
6580,1848894090.0,3.0,-1.0,138.0,3.0,22.094887,-1.0,3.0,3.839076,1.0,0.0,-1.0,0.0,33.093268,3.0,-1.0,0.0,37.497325,0.0,62.35585
1066,1848894092.0,2.0,2.0,85.0,0.0,74.859868,-1.0,4.0,-1.0,1.0,0.0,1.0,0.0,84.928002,4.0,82.618521,0.0,13.561554,1.0,180.549041
1110,1848894098.0,4.0,4.0,38.0,7.0,122.083944,-1.0,2.0,23.654099,2.0,0.0,-1.0,0.0,132.226499,-1.0,13.554429,0.0,27.120901,0.0,40.092489
1111,1848894103.0,2.0,4.0,151.0,7.0,9.055131,-1.0,2.0,18.103254,1.0,0.0,1.0,0.0,19.50719,3.0,15.641145,0.0,30.132076,1.0,89.690241
6581,1848894105.0,2.0,2.0,100.0,3.0,59.55701,-1.0,4.0,18.205043,1.0,0.0,1.0,0.0,70.500967,-1.0,15.906661,1.0,17.160838,1.0,18.670229
6582,1848894111.0,2.0,2.0,34.0,3.0,125.522639,-1.0,2.0,28.593434,1.0,0.0,1.0,0.0,135.944671,3.0,117.204273,0.0,6.182028,1.0,58.874782
1028,1848894113.0,4.0,-1.0,118.0,5.0,41.930049,-1.0,3.0,25.268283,1.0,0.0,1.0,0.0,52.768266,3.0,-1.0,1.0,32.548087,1.0,71.992229
1029,1848894119.0,4.0,-1.0,79.0,5.0,80.856774,-1.0,4.0,5.655278,1.0,0.0,1.0,0.0,91.68434,-1.0,-1.0,0.0,0.822208,1.0,118.442811
1112,1848894125.0,4.0,2.0,138.0,7.0,21.828203,-1.0,4.0,-1.0,2.0,0.0,0.0,0.0,32.31483,2.0,-1.0,-1.0,43.860638,0.0,154.765765
1113,1848894129.0,2.0,3.0,47.0,7.0,113.301679,-1.0,3.0,28.510884,1.0,0.0,-1.0,0.0,124.004311,3.0,27.90824,0.0,32.530579,1.0,116.526457
1112,1848894133.0,-1.0,2.0,53.0,6.0,107.137612,-1.0,4.0,5.233995,1.0,0.0,1.0,0.0,117.874845,3.0,-1.0,0.0,6.178909,1.0,250.663513
1220,1848894138.0,2.0,3.0,153.0,-1.0,6.872412,-1.0,4.0,90.299381,1.0,0.0,-1.0,0.0,17.184037,4.0,-1.0,0.0,70.173495,-1.0,161.98688
1144,1848894142.0,3.0,3.0,153.0,9.0,6.918711,-1.0,2.0,121.547798,1.0,0.0,1.0,0.0,17.259862,4.0,121.573897,0.0,6.226468,1.0,114.619565
1145,1848894144.0,4.0,3.0,63.0,9.0,97.283827,-1.0,2.0,10.396272,1.0,-1.0,1.0,0.0,107.971774,2.0,15.142574,-1.0,20.122171,1.0,23.1284
6583,1848894150.0,3.0,3.0,82.0,3.0,78.111127,-1.0,3.0,28.121274,2.0,0.0,0.0,0.0,88.438442,3.0,25.40356,0.0,65.148039,0.0,149.650828
1067,1848894154.0,-1.0,4.0,74.0,0.0,-1.0,-1.0,3.0,73.315361,1.0,-1.0,-1.0,0.0,-1.0,3.0,11.223214,-1.0,26.850661,-1.0,-1.0
1149,1848894158.0,4.0,3.0,121.0,1.0,39.007098,-1.0,3.0,28.2719,0.0,1.0,1.0,1.0,49.503515,4.0,9.362655,0.0,48.547218,1.0,46.979557
1068,1848894161.0,2.0,4.0,112.0,0.0,48.34834,-1.0,4.0,52.962117,1.0,0.0,1.0,0.0,59.307166,2.0,-1.0,0.0,23.94384,1.0,103.917586
1030,1848894163.0,4.0,2.0,82.0,5.0,78.499172,-1.0,4.0,115.2057,1.0,-1.0,1.0,0.0,89.168968,3.0,-1.0,0.0,34.339838,1.0,159.324139
1031,1848894165.0,-1.0,2.0,157.0,5.0,2.932086,-1.0,3.0,72.858851,2.0,0.0,-1.0,0.0,12.939314,2.0,-1.0,0.0,17.03295,0.0,122.277978
1221,1848894170.0,3.0,4.0,152.0,-1.0,7.890963,-1.0,4.0,86.91532,0.0,1.0,0.0,1.0,18.52693,2.0,89.68708,0.0,47.758401,0.0,84.293787
1069,1848894173.0,3.0,3.0,68.0,0.0,92.436219,-1.0,3.0,19.665013,1.0,0.0,0.0,0.0,103.240846,3.0,19.509296,-1.0,10.031805,0.0,92.777547
1146,1848894176.0,2.0,3.0,112.0,9.0,47.504907,-1.0,3.0,100.81625,1.0,0.0,1.0,0.0,57.850606,3.0,-1.0,1.0,66.769526,1.0,70.667099
1222,1848894179.0,2.0,3.0,106.0,-1.0,53.548974,-1.0,3.0,-1.0,1.0,0.0,1.0,0.0,64.318928,-1.0,-1.0,0.0,3.60847,1.0,29.204368
6584,1848894181.0,4.0,2.0,59.0,3.0,100.773324,-1.0,4.0,8.029554,1.0,0.0,1.0,0.0,111.404249,3.0,9.402472,0.0,30.762193,1.0,188.438239
1113,1848894186.0,3.0,3.0,126.0,6.0,33.791325,-1.0,4.0,12.552555,2.0,0.0,1.0,0.0,44.789938,1.0,-1.0,1.0,0.756191,1.0,187.480845
1070,1848894192.0,3.0,3.0,74.0,0.0,-1.0,-1.0,4.0,86.825024,1.0,0.0,1.0,0.0,-1.0,3.0,-1.0,-1.0,4.913849,1.0,201.353411
1071,1848894198.0,2.0,4.0,142.0,0.0,17.938362,-1.0,-1.0,83.757791,1.0,0.0,1.0,0.0,27.962327,3.0,44.436248,-1.0,24.078674,1.0,200.028212
6585,1848894201.0,4.0,3.0,47.0,3.0,113.18013,-1.0,4.0,-1.0,1.0,0.0,1.0,0.0,123.928088,3.0,13.703622,0.0,1.603192,1.0,37.318972
1114,1848894205.0,4.0,4.0,90.0,7.0,69.870611,-1.0,-1.0,0.222353,1.0,0.0,1.0,0.0,80.639965,3.0,-1.0,0.0,38.229697,-1.0,144.809816
6586,1848894210.0,3.0,2.0,147.0,3.0,12.627102,-1.0,4.0,53.820699,2.0,-1.0,1.0,0.0,23.510983,3.0,64.557192,0.0,43.211611,1.0,19.010485
1223,1848894215.0,4.0,3.0,145.0,-1.0,15.403602,-1.0,4.0,14.100571,1.0,0.0,1.0,0.0,26.384339,3.0,36.779265,0.0,44.091192,1.0,88.012375
6587,1848894219.0,4.0,3.0,104.0,3.0,56.388806,-1.0,3.0,65.966721,1.0,0.0,0.0,0.0,67.296363,3.0,-1.0,0.0,40.479921,0.0,188.968424
6588,1848894224.0,3.0,2.0,130.0,3.0,29.697641,-1.0,4.0,58.188654,1.0,0.0,1.0,0.0,40.592427,4.0,33.345467,1.0,48.167417,1.0,125.289791
1095,1848894228.0,4.0,3.0,111.0,8.0,48.610157,-1.0,3.0,2.431442,1.0,0.0,-1.0,0.0,59.310322,1.0,34.96989,-1.0,39.814135,1.0,160.596666
6589,1848894233.0,2.0,2.0,123.0,3.0,37.483369,-1.0,3.0,21.519792,1.0,0.0,0.0,0.0,47.912236,1.0,33.657119,0.0,42.969259,0.0,-1.0
6590,1848894236.0,-1.0,4.0,130.0,3.0,30.306785,-1.0,2.0,53.558967,1.0,0.0,1.0,0.0,40.898243,3.0,38.225777,0.0,17.324633,1.0,19.017342
1114,1848894238.0,4.0,3.0,100.0,6.0,60.201734,-1.0,2.0,10.405057,1.0,-1.0,-1.0,0.0,70.762944,3.0,26.230869,0.0,10.100362,1.0,139.290904
1147,1848894244.0,-1.0,3.0,85.0,9.0,74.757181,-1.0,3.0,16.136858,2.0,0.0,1.0,0.0,85.298561,1.0,35.522935,0.0,70.143465,1.0,84.792903
1120,1848894249.0,4.0,4.0,120.0,2.0,40.330105,-1.0,2.0,17.355657,2.0,0.0,1.0,0.0,50.941683,2.0,125.630512,1.0,2.09439,1.0,53.050434
6591,1848894254.0,4.0,2.0,136.0,3.0,23.625607,-1.0,4.0,21.760296,2.0,0.0,1.0,0.0,34.236656,3.0,2.525333,1.0,41.396869,1.0,43.912546
6592,1848894259.0,2.0,2.0,4.0,3.0,155.853465,-1.0,2.0,14.527525,2.0,0.0,1.0,0.0,166.210275,3.0,-1.0,1.0,27.920536,1.0,89.573521
1115,1848894264.0,2.0,4.0,157.0,7.0,3.057003,-1.0,4.0,6.083973,2.0,0.0,1.0,0.0,13.53048,3.0,29.586205,0.0,28.305917,1.0,102.980307
1032,1848894269.0,4.0,3.0,136.0,5.0,23.832413,-1.0,4.0,119.112539,1.0,0.0,0.0,0.0,34.34036,2.0,21.698901,0.0,70.820051,0.0,78.026891
6593,1848894271.0,3.0,2.0,157.0,3.0,3.489236,-1.0,4.0,96.25641,0.0,1.0,1.0,1.0,14.341505,4.0,-1.0,0.0,21.117002,1.0,1.864975
1224,1848894274.0,3.0,-1.0,80.0,-1.0,79.942647,-1.0,-1.0,-1.0,1.0,0.0,1.0,0.0,89.952408,1.0,21.490401,0.0,5.315631,1.0,166.428862
6594,1848894276.0,3.0,4.0,132.0,3.0,28.467865,-1.0,4.0,-1.0,1.0,0.0,-1.0,0.0,38.657206,3.0,52.805529,0.0,0.517357,0.0,205.461492
6595,1848894279.0,3.0,4.0,51.0,3.0,109.335597,-1.0,-1.0,6.698022,1.0,0.0,1.0,0.0,120.153977,1.0,41.511,0.0,20.345988,1.0,221.418139
6596,1848894284.0,3.0,2.0,78.0,3.0,82.154763,-1.0,-1.0,79.828059,1.0,0.0,1.0,0.0,92.291013,1.0,38.680353,0.0,49.859784,1.0,4.714163
1115,1848894290.0,2.0,4.0,157.0,6.0,2.932756,-1.0,4.0,103.948205,1.0,0.0,1.0,0.0,13.576542,3.0,-1.0,-1.0,63.208961,1.0,18.81407
6597,1848894295.0,4.0,2.0,146.0,3.0,14.307648,-1.0,2.0,29.877653,1.0,-1.0,-1.0,0.0,24.91737,3.0,24.51754,1.0,39.164494,1.0,38.754833
1116,1848894301.0,2.0,2.0,109.0,6.0,51.048234,-1.0,4.0,2.435183,1.0,0.0,-1.0,0.0,61.421952,2.0,99.952661,0.0,19.686027,-1.0,53.691179
6598,1848894305.0,4.0,2.0,80.0,3.0,80.02981,-1.0,2.0,8.407887,2.0,0.0,1.0,0.0,90.535549,-1.0,39.510203,-1.0,45.330027,1.0,144.053517
6599,1848894309.0,4.0,4.0,149.0,3.0,10.884022,-1.0,4.0,49.585012,2.0,-1.0,1.0,0.0,21.013359,2.0,-1.0,1.0,20.774238,-1.0,84.066773
1033,1848894315.0,2.0,2.0,74.0,5.0,-1.0,-1.0,4.0,38.789948,1.0,0.0,1.0,0.0,-1.0,1.0,9.175123,-1.0,34.965094,1.0,16.607082
6600,1848894317.0,4.0,4.0,146.0,3.0,13.545672,-1.0,4.0,56.262982,1.0,-1.0,1.0,0.0,23.79378,2.0,6.187589,0.0,32.740666,1.0,56.067684
1116,1848894321.0,2.0,-1.0,121.0,7.0,39.07913,-1.0,3.0,9.18642,2.0,0.0,-1.0,0.0,49.200962,3.0,71.579844,1.0,8.425758,1.0,-1.0
6601,1848894323.0,2.0,4.0,145.0,3.0,15.438509,-1.0,3.0,-1.0,2.0,0.0,1.0,0.0,25.903159,1.0,27.566136,0.0,36.521259,-1.0,99.980971
1148,1848894326.0,2.0,3.0,135.0,9.0,24.612087,-1.0,3.0,-1.0,1.0,-1.0,1.0,0.0,35.545019,3.0,15.82469,1.0,7.029827,1.0,134.530147
6602,1848894328.0,4.0,2.0,143.0,3.0,16.703,-1.0,-1.0,102.4927,1.0,-1.0,1.0,0.0,27.166274,3.0,88.305705,1.0,33.436996,1.0,30.424554
1117,1848894332.0,2.0,3.0,74.0,7.0,-1.0,-1.0,2.0,12.26029,1.0,0.0,1.0,0.0,-1.0,-1.0,27.127443,0.0,3.207598,1.0,142.602736
6603,1848894335.0,3.0,3.0,140.0,3.0,19.988376,-1.0,-1.0,65.382878,1.0,0.0,-1.0,0.0,30.826868,2.0,19.757067,0.0,14.845533,1.0,6.506041
1117,1848894339.0,2.0,3.0,90.0,6.0,70.406323,-1.0,2.0,13.792271,1.0,0.0,0.0,0.0,81.137638,3.0,22.730536,0.0,21.043428,0.0,62.180303
1150,1848894341.0,4.0,3.0,98.0,1.0,62.106509,-1.0,2.0,23.324123,1.0,0.0,1.0,0.0,72.918402,4.0,62.699682,1.0,25.252903,-1.0,138.30592
1096,1848894346.0,3.0,2.0,140.0,8.0,19.783767,-1.0,3.0,15.354573,2.0,0.0,-1.0,0.0,30.182492,3.0,4.011497,-1.0,1.380632,1.0,111.371673
6604,1848894351.0,4.0,2.0,54.0,3.0,105.869159,-1.0,2.0,2.470464,1.0,0.0,-1.0,0.0,116.001251,1.0,82.378897,0.0,8.36677,1.0,46.625678
1118,1848894353.0,4.0,3.0,160.0,7.0,0.062631,-1.0,4.0,75.227593,1.0,0.0,-1.0,0.0,10.956255,4.0,22.026459,0.0,43.706345,1.0,73.687935
6605,1848894357.0,4.0,2.0,136.0,3.0,23.85739,-1.0,2.0,49.062927,2.0,0.0,-1.0,0.0,33.992697,2.0,34.877591,0.0,44.808395,1.0,52.944186
1149,1848894362.0,2.0,2.0,114.0,9.0,46.194462,-1.0,4.0,73.827977,1.0,0.0,1.0,0.0,56.937616,2.0,74.274629,0.0,72.501598,1.0,233.807663
1121,1848894364.0,2.0,3.0,81.0,2.0,79.345532,-1.0,2.0,9.330873,1.0,0.0,1.0,0.0,89.593504,3.0,85.092622,1.0,21.685377,1.0,157.050705
1122,1848894369.0,4.0,3.0,116.0,2.0,44.279496,-1.0,3.0,17.814965,0.0,1.0,1.0,1.0,55.05269,-1.0,118.404803,0.0,50.830641,1.0,19.124846
1118,1848894373.0,2.0,2.0,123.0,6.0,36.554436,-1.0,3.0,63.322943,1.0,0.0,1.0,0.0,46.724506,3.0,51.450558,0.0,47.513967,1.0,113.714312
1150,1848894379.0,2.0,4.0,110.0,9.0,50.211569,-1.0,2.0,35.676979,1.0,-1.0,1.0,0.0,60.820039,2.0,3.756642,0.0,0.401716,1.0,198.428228
1123,1848894385.0,3.0,3.0,146.0,2.0,13.580097,-1.0,2.0,82.72805,1.0,0.0,1.0,0.0,24.104518,2.0,56.188604,1.0,11.483787,1.0,143.184621
1124,1848894387.0,-1.0,3.0,124.0,2.0,35.821811,-1.0,4.0,48.199607,1.0,0.0,1.0,0.0,45.994606,2.0,54.113859,1.0,26.002178,1.0,44.62475
1119,1848894393.0,2.0,4.0,119.0,6.0,41.411213,-1.0,4.0,48.192222,1.0,0.0,1.0,0.0,51.513057,4.0,102.420334,1.0,20.931918,1.0,-1.0
6606,1848894399.0,2.0,2.0,149.0,3.0,11.420213,-1.0,4.0,70.486661,2.0,0.0,0.0,0.0,21.779206,2.0,24.537108,0.0,35.403904,0.0,6.297175
1034,1848894401.0,2.0,3.0,99.0,5.0,61.102254,-1.0,-1.0,117.603351,2.0,-1.0,1.0,0.0,71.380968,-1.0,60.944675,0.0,32.687664,1.0,210.66107
1225,1848894407.0,4.0,4.0,70.0,-1.0,90.316838,-1.0,4.0,29.51235,1.0,0.0,1.0,0.0,101.250278,3.0,-1.0,0.0,66.487198,1.0,54.825924
1050,1848894412.0,2.0,2.0,66.0,4.0,94.091868,-1.0,2.0,87.681348,2.0,0.0,1.0,0.0,104.998339,2.0,8.359408,0.0,22.000905,1.0,53.107286
6607,1848894418.0,2.0,4.0,136.0,3.0,23.894188,-1.0,3.0,-1.0,0.0,1.0,0.0,1.0,34.793844,-1.0,3.649939,0.0,30.580623,0.0,157.453898
1226,1848894424.0,3.0,4.0,68.0,-1.0,92.477067,-1.0,4.0,20.290073,1.0,-1.0,1.0,0.0,102.511814,3.0,57.953631,0.0,45.301544,1.0,67.642251
6608,1848894429.0,3.0,3.0,87.0,3.0,73.27182,-1.0,3.0,31.984638,1.0,0.0,1.0,0.0,83.290739,2.0,143.444951,1.0,35.55026,1.0,235.465485
1119,1848894433.0,3.0,3.0,110.0,7.0,50.292215,-1.0,4.0,47.387539,1.0,0.0,1.0,0.0,60.319203,3.0,108.513954,0.0,25.743753,1.0,155.637366
1227,1848894436.0,4.0,2.0,74.0,-1.0,-1.0,-1.0,3.0,122.428886,1.0,0.0,1.0,0.0,-1.0,3.0,39.004162,0.0,22.545371,1.0,64.489312
6609,1848894440.0,4.0,4.0,105.0,3.0,54.636245,-1.0,3.0,-1.0,1.0,0.0,-1.0,0.0,65.301292,3.0,115.822822,0.0,64.634141,1.0,73.229591
1228,1848894442.0,2.0,3.0,98.0,-1.0,61.710237,-1.0,3.0,16.307961,1.0,0.0,1.0,0.0,72.401405,-1.0,38.65729,0.0,11.565107,1.0,62.705735
1097,1848894445.0,3.0,3.0,157.0,8.0,2.696888,-1.0,-1.0,39.115999,2.0,0.0,1.0,0.0,13.397586,4.0,24.034064,0.0,3.096566,1.0,96.531942
1120,1848894447.0,4.0,3.0,119.0,7.0,41.374411,-1.0,2.0,-1.0,1.0,-1.0,1.0,0.0,51.418492,3.0,69.046383,0.0,26.611355,1.0,-1.0
6610,1848894449.0,2.0,2.0,157.0,3.0,2.524812,-1.0,3.0,25.102437,1.0,0.0,0.0,0.0,12.596148,2.0,40.15025,0.0,52.95697,0.0,23.241427
6611,1848894455.0,2.0,3.0,140.0,3.0,20.300985,-1.0,4.0,77.688974,2.0,0.0,1.0,0.0,31.128484,3.0,67.475674,0.0,92.628975,1.0,100.320652
1121,1848894458.0,4.0,3.0,74.0,7.0,-1.0,-1.0,-1.0,53.043398,0.0,1.0,1.0,1.0,-1.0,3.0,82.039362,1.0,44.985958,1.0,244.666986
1122,1848894463.0,3.0,4.0,130.0,7.0,29.651457,-1.0,4.0,46.350158,1.0,0.0,1.0,0.0,40.271191,3.0,46.975162,0.0,60.278201,1.0,1.190751
1229,1848894465.0,4.0,4.0,71.0,-1.0,88.77333,-1.0,2.0,-1.0,1.0,0.0,1.0,0.0,99.08865,4.0,14.969214,0.0,52.541731,1.0,195.688918
1151,1848894467.0,4.0,3.0,83.0,9.0,76.593537,-1.0,4.0,20.241907,1.0,0.0,1.0,0.0,87.581414,3.0,54.405083,0.0,15.982743,1.0,21.055556
1051,1848894470.0,3.0,2.0,152.0,4.0,8.433252,-1.0,-1.0,-1.0,2.0,0.0,-1.0,0.0,19.232827,3.0,76.387918,0.0,22.941006,1.0,6.542089
1151,1848894473.0,2.0,2.0,140.0,1.0,19.829198,-1.0,4.0,72.91849,1.0,0.0,1.0,0.0,30.762083,3.0,9.203058,0.0,36.138594,1.0,91.902087
1125,1848894479.0,2.0,4.0,74.0,2.0,-1.0,-1.0,2.0,50.414156,1.0,0.0,1.0,0.0,-1.0,3.0,10.724493,-1.0,4.959656,-1.0,110.101556
6612,1848894481.0,2.0,3.0,123.0,3.0,37.13271,-1.0,2.0,22.936969,2.0,0.0,1.0,0.0,47.586021,3.0,-1.0,-1.0,70.818863,1.0,211.070473
1123,1848894485.0,3.0,2.0,58.0,7.0,101.668553,-1.0,2.0,51.335732,1.0,0.0,1.0,0.0,111.732588,-1.0,11.995325,1.0,28.795904,1.0,13.826409
1052,1848894491.0,2.0,3.0,21.0,4.0,138.693815,-1.0,4.0,72.685977,2.0,0.0,1.0,0.0,148.905847,1.0,-1.0,0.0,50.046752,1.0,66.030793
1035,1848894495.0,4.0,2.0,76.0,5.0,84.174326,-1.0,-1.0,31.445219,1.0,0.0,1.0,0.0,95.100492,-1.0,113.863008,0.0,18.870595,1.0,178.100021
6613,1848894497.0,2.0,2.0,75.0,3.0,85.400581,-1.0,3.0,58.393909,1.0,0.0,1.0,0.0,95.400977,2.0,50.652534,1.0,39.998292,1.0,217.768436
1124,1848894503.0,3.0,4.0,52.0,7.0,107.607716,-1.0,2.0,62.901269,0.0,1.0,-1.0,1.0,118.195386,4.0,55.215637,0.0,34.56084,1.0,79.266031
6614,1848894507.0,3.0,4.0,155.0,3.0,4.740081,-1.0,4.0,62.695507,1.0,0.0,1.0,0.0,15.615168,3.0,-1.0,-1.0,51.333135,1.0,4.58513
6615,1848894509.0,3.0,3.0,60.0,3.0,100.093961,-1.0,3.0,6.189641,1.0,-1.0,1.0,0.0,110.216185,1.0,17.475266,0.0,20.055527,1.0,123.027405
6616,1848894511.0,2.0,4.0,148.0,3.0,11.856924,-1.0,4.0,20.587841,2.0,0.0,1.0,0.0,22.156215,2.0,-1.0,0.0,15.944154,1.0,181.42409
1072,1848894513.0,4.0,3.0,151.0,0.0,8.91971,-1.0,2.0,45.663872,1.0,0.0,1.0,0.0,19.693932,3.0,48.644103,0.0,55.014494,1.0,100.845599
1036,1848894515.0,2.0,4.0,125.0,5.0,34.981615,-1.0,2.0,13.895516,1.0,0.0,1.0,0.0,45.965829,1.0,6.121067,0.0,52.48235,1.0,153.131126
6617,1848894519.0,-1.0,3.0,121.0,3.0,39.175025,-1.0,3.0,119.211608,2.0,0.0,-1.0,0.0,49.498645,3.0,30.163708,0.0,48.822534,1.0,83.643703
1098,1848894525.0,2.0,3.0,142.0,8.0,18.160968,-1.0,3.0,18.338922,1.0,0.0,0.0,0.0,28.781727,1.0,-1.0,0.0,5.198211,0.0,56.910729
1126,1848894528.0,3.0,4.0,160.0,2.0,0.407653,-1.0,4.0,111.045907,1.0,0.0,1.0,0.0,11.070579,-1.0,-1.0,0.0,21.119554,-1.0,78.294069
1125,1848894530.0,2.0,2.0,144.0,7.0,16.441487,-1.0,4.0,48.223988,0.0,1.0,-1.0,1.0,26.469634,1.0,3.477375,0.0,27.329979,1.0,49.9597
1073,1848894532.0,4.0,4.0,84.0,0.0,76.172111,-1.0,3.0,11.60517,1.0,0.0,-1.0,0.0,86.512592,1.0,85.369858,0.0,44.4262,1.0,57.022644
1230,1848894535.0,4.0,2.0,134.0,-1.0,26.372321,-1.0,4.0,26.968103,1.0,0.0,1.0,0.0,36.430398,1.0,47.129965,-1.0,39.895958,1.0,148.299873
6618,1848894541.0,2.0,2.0,121.0,3.0,39.17711,-1.0,4.0,60.791669,1.0,0.0,1.0,0.0,49.728918,-1.0,15.552473,0.0,34.549903,1.0,39.293397
1053,1848894543.0,2.0,3.0,107.0,4.0,53.284304,-1.0,3.0,32.431236,1.0,0.0,1.0,0.0,63.426637,3.0,48.698458,0.0,52.97175,-1.0,133.419712
6619,1848894547.0,4.0,3.0,146.0,3.0,13.517533,-1.0,4.0,33.782369,1.0,0.0,-1.0,0.0,24.393709,1.0,33.199377,0.0,32.719802,0.0,151.943115
6620,1848894552.0,2.0,3.0,103.0,3.0,56.728062,-1.0,2.0,7.980057,1.0,0.0,1.0,0.0,66.915484,3.0,66.928269,0.0,27.382134,1.0,141.081618
1037,1848894557.0,3.0,2.0,94.0,5.0,66.407296,-1.0,2.0,87.80342,0.0,1.0,1.0,1.0,76.413505,1.0,20.783412,0.0,48.686722,-1.0,103.635209
1120,1848894562.0,2.0,4.0,110.0,6.0,50.36476,-1.0,2.0,35.223242,1.0,0.0,1.0,0.0,60.554838,4.0,99.898153,0.0,15.924529,1.0,110.297685
1121,1848894564.0,-1.0,4.0,142.0,6.0,17.832438,-1.0,3.0,3.022266,1.0,0.0,0.0,0.0,28.263794,3.0,78.830397,0.0,11.192974,0.0,173.795418
1127,1848894567.0,-1.0,3.0,150.0,2.0,9.979881,-1.0,3.0,-1.0,1.0,0.0,-1.0,0.0,20.875317,-1.0,12.066184,0.0,59.804898,1.0,85.532748
1128,1848894572.0,4.0,3.0,103.0,2.0,57.107693,-1.0,3.0,92.528165,1.0,0.0,-1.0,0.0,67.306235,3.0,0.135061,1.0,48.834554,1.0,28.873791
6621,1848894575.0,-1.0,2.0,138.0,3.0,21.851398,-1.0,2.0,45.953708,1.0,0.0,1.0,0.0,31.924656,4.0,43.023418,0.0,19.081126,1.0,16.049631
6622,1848894579.0,3.0,2.0,95.0,3.0,64.607465,-1.0,4.0,36.320841,1.0,0.0,1.0,0.0,75.041569,1.0,61.442572,0.0,19.427687,1.0,55.604026
1152,1848894582.0,3.0,4.0,79.0,1.0,81.260406,-1.0,4.0,-1.0,1.0,0.0,1.0,0.0,91.784624,3.0,-1.0,-1.0,3.729167,1.0,99.338378
1074,1848894586.0,2.0,3.0,51.0,0.0,109.159045,-1.0,2.0,28.542491,2.0,0.0,1.0,0.0,119.231009,2.0,23.992849,0.0,21.348528,1.0,106.885338
6623,1848894591.0,2.0,3.0,50.0,3.0,110.492514,-1.0,2.0,93.092322,1.0,0.0,1.0,0.0,121.32213,3.0,-1.0,1.0,69.823856,1.0,63.593927
6624,1848894597.0,3.0,3.0,147.0,3.0,12.618711,-1.0,-1.0,121.940638,1.0,0.0,1.0,0.0,22.807537,3.0,48.341328,0.0,23.434955,1.0,264.661874
1122,1848894602.0,-1.0,3.0,140.0,6.0,19.979542,-1.0,4.0,23.543892,1.0,-1.0,0.0,0.0,30.364067,3.0,-1.0,0.0,29.592399,0.0,17.302854
1129,1848894605.0,3.0,3.0,151.0,2.0,8.570377,-1.0,3.0,52.807226,1.0,0.0,1.0,0.0,18.708811,2.0,64.355645,0.0,19.033387,1.0,19.217005
1075,1848894607.0,2.0,2.0,151.0,0.0,9.442281,-1.0,-1.0,29.091855,1.0,-1.0,0.0,0.0,20.279268,3.0,28.556236,-1.0,70.208799,0.0,222.812594
1153,1848894610.0,3.0,2.0,152.0,1.0,7.593596,-1.0,2.0,43.178595,1.0,0.0,1.0,0.0,17.7416,-1.0,9.337767,-1.0,14.551019,1.0,150.365812
1099,1848894615.0,4.0,4.0,139.0,8.0,20.853214,-1.0,2.0,-1.0,1.0,0.0,1.0,0.0,30.918891,3.0,1.988215,-1.0,28.262864,-1.0,26.717206
1154,1848894621.0,2.0,2.0,69.0,1.0,91.38362,-1.0,4.0,-1.0,1.0,0.0,1.0,0.0,101.970848,3.0,42.501379,0.0,53.544186,-1.0,72.641859
1231,1848894625.0,4.0,3.0,159.0,-1.0,0.7376,-1.0,4.0,91.396456,2.0,0.0,1.0,0.0,11.31856,2.0,6.380115,0.0,9.108445,1.0,49.072919
1038,1848894630.0,4.0,2.0,145.0,5.0,15.230772,-1.0,2.0,64.524768,2.0,0.0,1.0,0.0,25.753621,4.0,69.982196,0.0,8.236746,1.0,137.78632
6625,1848894633.0,4.0,4.0,49.0,3.0,110.832515,-1.0,4.0,142.294753,2.0,0.0,1.0,0.0,120.979719,3.0,18.848872,0.0,25.871887,1.0,179.019135
6626,1848894637.0,4.0,3.0,124.0,3.0,35.938543,-1.0,-1.0,5.611962,1.0,-1.0,-1.0,0.0,46.918226,3.0,19.517313,0.0,6.639325,1.0,55.409505
6627,1848894641.0,3.0,2.0,131.0,3.0,28.696146,-1.0,4.0,35.598168,1.0,0.0,1.0,0.0,39.606479,-1.0,-1.0,-1.0,19.170736,1.0,24.565936
1123,1848894643.0,4.0,4.0,125.0,6.0,35.352489,-1.0,3.0,27.063358,1.0,0.0,1.0,0.0,45.669761,2.0,88.903198,0.0,9.746021,1.0,1.98083
1076,1848894645.0,2.0,4.0,112.0,0.0,47.593216,-1.0,3.0,88.773695,2.0,0.0,1.0,0.0,58.10041,3.0,-1.0,0.0,29.105387,1.0,4.42257
1100,1848894649.0,4.0,4.0,74.0,8.0,86.47127,-1.0,4.0,45.098067,1.0,0.0,1.0,0.0,97.08621,2.0,18.297048,0.0,8.017223,1.0,76.239738
1124,1848894654.0,3.0,4.0,128.0,6.0,31.640358,-1.0,2.0,8.32704,1.0,-1.0,1.0,0.0,42.487628,3.0,-1.0,0.0,12.098872,1.0,61.994032
1039,1848894659.0,4.0,3.0,153.0,5.0,7.446831,-1.0,4.0,8.346592,1.0,0.0,1.0,0.0,17.926037,3.0,31.355651,0.0,2.203589,1.0,138.233102
6628,1848894664.0,4.0,2.0,74.0,3.0,-1.0,-1.0,-1.0,42.695703,1.0,0.0,-1.0,0.0,-1.0,3.0,74.894747,0.0,60.461459,1.0,45.372077
1155,1848894669.0,4.0,3.0,103.0,1.0,57.485265,-1.0,3.0,87.118156,1.0,-1.0,1.0,0.0,67.774747,2.0,58.855544,1.0,0.963474,-1.0,283.202262
1054,1848894671.0,2.0,3.0,153.0,4.0,7.189371,-1.0,2.0,1.149739,1.0,0.0,1.0,0.0,17.836775,2.0,32.836897,0.0,23.077145,1.0,21.349468
1126,1848894673.0,4.0,2.0,96.0,7.0,63.73807,-1.0,4.0,66.301982,1.0,0.0,-1.0,0.0,74.684195,1.0,87.492557,-1.0,5.528687,0.0,11.111916
1156,1848894676.0,3.0,3.0,43.0,1.0,116.523667,-1.0,4.0,29.393074,0.0,1.0,1.0,1.0,126.988043,3.0,-1.0,0.0,4.840638,1.0,207.137401
1077,1848894679.0,4.0,2.0,154.0,0.0,6.442096,-1.0,-1.0,71.845156,2.0,0.0,1.0,0.0,16.481336,3.0,2.001718,0.0,52.244766,1.0,144.313398
1152,1848894681.0,2.0,2.0,160.0,9.0,0.320392,-1.0,3.0,49.834949,0.0,1.0,1.0,1.0,11.045993,-1.0,-1.0,0.0,14.937581,1.0,55.06842
6629,1848894683.0,2.0,2.0,148.0,3.0,11.796886,-1.0,2.0,45.869279,1.0,0.0,0.0,0.0,22.2468,1.0,51.77698,0.0,38.201724,0.0,181.090908
6630,1848894689.0,4.0,3.0,128.0,3.0,32.028152,-1.0,4.0,56.414989,1.0,0.0,-1.0,0.0,42.542073,3.0,102.285604,1.0,33.266541,1.0,126.317284
6631,1848894691.0,3.0,4.0,137.0,3.0,22.507868,-1.0,4.0,7.581012,0.0,1.0,-1.0,1.0,32.807196,1.0,65.342569,1.0,21.30239,-1.0,170.138198
1130,1848894697.0,2.0,4.0,79.0,2.0,81.423684,-1.0,4.0,6.892365,0.0,1.0,1.0,1.0,91.694358,3.0,48.05019,0.0,47.384497,1.0,22.242065
1131,1848894703.0,4.0,4.0,156.0,2.0,4.21977,-1.0,3.0,74.654565,1.0,0.0,1.0,0.0,15.011312,1.0,8.976021,0.0,37.917301,1.0,-1.0
1132,1848894709.0,3.0,4.0,68.0,2.0,91.812238,-1.0,4.0,102.722822,1.0,0.0,1.0,0.0,102.803603,3.0,8.270691,0.0,23.548531,1.0,166.581472
6632,1848894715.0,4.0,4.0,95.0,3.0,65.25756,-1.0,3.0,17.475576,1.0,0.0,1.0,0.0,75.69279,2.0,86.07465,0.0,25.458446,1.0,59.298995
6633,1848894719.0,3.0,2.0,140.0,3.0,19.793865,-1.0,3.0,32.909949,1.0,0.0,0.0,0.0,30.113712,3.0,16.806274,-1.0,23.719814,0.0,111.853965
1127,1848894721.0,2.0,3.0,13.0,7.0,146.956633,-1.0,3.0,-1.0,1.0,0.0,1.0,0.0,157.191361,3.0,69.396469,0.0,20.889568,1.0,262.594135
6634,1848894725.0,3.0,3.0,131.0,3.0,28.981107,-1.0,4.0,41.389577,1.0,0.0,1.0,0.0,39.199229,3.0,29.000886,1.0,6.139265,-1.0,19.954325
1157,1848894731.0,-1.0,3.0,151.0,1.0,9.232229,-1.0,3.0,54.400279,1.0,0.0,1.0,0.0,20.124178,2.0,89.603874,0.0,2.961733,1.0,39.846256
1153,1848894734.0,2.0,2.0,133.0,9.0,26.553113,-1.0,3.0,86.057925,1.0,0.0,1.0,0.0,37.469485,3.0,14.287702,0.0,53.549202,1.0,161.441094
1232,1848894737.0,2.0,3.0,155.0,-1.0,4.523379,-1.0,-1.0,14.905067,1.0,-1.0,0.0,0.0,15.24942,-1.0,3.497135,0.0,14.942152,0.0,83.603849
6635,1848894742.0,2.0,2.0,158.0,3.0,2.147176,-1.0,3.0,97.078046,1.0,0.0,1.0,0.0,12.999307,1.0,28.857184,0.0,22.432749,1.0,37.203758
6636,1848894746.0,2.0,4.0,152.0,3.0,7.766116,-1.0,4.0,28.198566,1.0,0.0,1.0,0.0,17.808279,3.0,38.33566,1.0,64.458772,1.0,36.309271
1101,1848894752.0,3.0,4.0,118.0,8.0,41.675595,-1.0,4.0,38.585472,2.0,0.0,-1.0,0.0,52.339049,2.0,101.946735,1.0,15.807747,1.0,99.298214
1055,1848894758.0,2.0,2.0,74.0,4.0,-1.0,-1.0,3.0,20.477448,1.0,0.0,-1.0,0.0,-1.0,-1.0,103.570865,0.0,10.316356,1.0,85.058588
1133,1848894760.0,4.0,4.0,118.0,2.0,42.436614,-1.0,2.0,18.167448,1.0,0.0,1.0,0.0,53.053503,1.0,-1.0,1.0,55.407454,1.0,176.698427
1233,1848894766.0,3.0,2.0,113.0,-1.0,46.99682,-1.0,2.0,47.641047,1.0,0.0,1.0,0.0,57.192334,3.0,69.082944,0.0,29.9761,1.0,74.057147
6637,1848894771.0,4.0,3.0,82.0,3.0,77.853044,-1.0,3.0,19.28713,0.0,1.0,0.0,1.0,88.743893,3.0,33.768648,0.0,82.397221,0.0,16.860904
6638,1848894773.0,3.0,3.0,145.0,3.0,14.556374,-1.0,-1.0,81.314303,1.0,0.0,-1.0,0.0,25.552608,3.0,54.349461,0.0,2.107029,1.0,66.205335
6639,1848894779.0,4.0,4.0,142.0,3.0,18.007345,-1.0,3.0,63.543575,2.0,0.0,1.0,0.0,28.857271,3.0,-1.0,0.0,5.238959,1.0,202.29467
1056,1848894782.0,2.0,3.0,127.0,4.0,33.195535,-1.0,2.0,46.975819,1.0,0.0,0.0,0.0,43.705122,2.0,37.459763,0.0,4.707148,0.0,92.366042
1234,1848894784.0,4.0,3.0,146.0,-1.0,13.633432,-1.0,4.0,52.066786,2.0,0.0,1.0,0.0,24.102031,3.0,53.680088,0.0,8.022387,1.0,157.520905
6640,1848894786.0,2.0,2.0,81.0,3.0,79.038758,-1.0,2.0,36.205647,1.0,0.0,0.0,0.0,90.031617,2.0,11.821955,1.0,45.186938,0.0,53.599984
1078,1848894791.0,4.0,3.0,139.0,0.0,20.64953,-1.0,4.0,76.161338,1.0,0.0,1.0,0.0,30.669985,-1.0,-1.0,0.0,53.711347,1.0,16.272575
6641,1848894793.0,4.0,2.0,54.0,3.0,105.770186,-1.0,-1.0,13.397057,1.0,0.0,1.0,0.0,116.750221,2.0,-1.0,0.0,83.404658,1.0,83.161122
1102,1848894797.0,3.0,3.0,49.0,8.0,110.995338,-1.0,2.0,-1.0,1.0,0.0,1.0,0.0,121.58779,-1.0,22.235165,1.0,45.453544,1.0,137.132755
1057,1848894803.0,3.0,3.0,92.0,4.0,68.392624,-1.0,2.0,47.361466,1.0,0.0,-1.0,0.0,79.163367,-1.0,46.278639,0.0,8.863711,1.0,70.347785
1125,1848894808.0,3.0,2.0,137.0,6.0,23.049861,-1.0,4.0,91.005741,1.0,0.0,1.0,0.0,33.193442,4.0,16.260877,1.0,7.94492,1.0,146.748593
1235,1848894814.0,2.0,2.0,130.0,-1.0,29.708618,-1.0,-1.0,33.642287,1.0,0.0,1.0,0.0,39.979653,4.0,42.727641,0.0,4.284597,1.0,22.466493
1134,1848894819.0,2.0,2.0,143.0,2.0,16.886566,-1.0,4.0,0.997071,0.0,1.0,-1.0,1.0,26.978632,3.0,31.191039,0.0,10.276301,1.0,124.17395
6642,1848894824.0,4.0,2.0,85.0,3.0,74.854574,-1.0,4.0,6.662533,1.0,0.0,1.0,0.0,85.238405,1.0,48.007195,0.0,49.227877,1.0,122.743287
6643,1848894826.0,-1.0,2.0,105.0,3.0,54.608305,-1.0,3.0,-1.0,2.0,-1.0,1.0,0.0,65.275258,-1.0,48.474645,0.0,78.254402,-1.0,72.127621
1158,1848894828.0,3.0,2.0,114.0,1.0,45.726558,-1.0,4.0,84.002663,1.0,-1.0,1.0,0.0,56.45266,-1.0,49.426695,0.0,57.203792,-1.0,28.622246
6644,1848894830.0,3.0,4.0,64.0,3.0,95.603244,-1.0,2.0,21.579886,0.0,1.0,1.0,1.0,105.70887,4.0,48.507603,0.0,6.775131,1.0,52.933393
1040,1848894835.0,3.0,4.0,29.0,5.0,131.062657,-1.0,-1.0,16.947379,1.0,0.0,1.0,0.0,141.78252,-1.0,-1.0,0.0,28.364101,1.0,16.416025
1159,1848894841.0,3.0,4.0,123.0,1.0,37.410767,-1.0,2.0,3.587057,2.0,-1.0,1.0,0.0,48.373959,2.0,-1.0,0.0,30.120799,1.0,156.475927
6645,1848894843.0,4.0,-1.0,124.0,3.0,36.091964,-1.0,4.0,101.272384,1.0,0.0,1.0,0.0,46.15638,3.0,63.716753,1.0,58.916088,-1.0,42.073054
1126,1848894849.0,2.0,2.0,30.0,6.0,130.020594,-1.0,2.0,50.957817,2.0,0.0,1.0,0.0,140.849372,3.0,23.828517,0.0,14.857906,1.0,170.088599
6646,1848894851.0,4.0,4.0,159.0,3.0,0.865988,-1.0,3.0,25.561601,1.0,0.0,1.0,0.0,11.346296,1.0,-1.0,0.0,3.494265,1.0,63.45385
6647,1848894855.0,2.0,3.0,135.0,3.0,25.090531,-1.0,-1.0,79.494507,1.0,0.0,1.0,0.0,35.162482,1.0,49.043252,0.0,75.32246,1.0,160.80447
1160,1848894857.0,2.0,2.0,125.0,1.0,35.314084,-1.0,3.0,141.272772,1.0,0.0,1.0,0.0,45.854169,1.0,22.130464,0.0,44.588474,1.0,89.143523
1041,1848894860.0,4.0,3.0,158.0,5.0,1.889404,-1.0,2.0,-1.0,1.0,0.0,1.0,0.0,12.391024,4.0,96.849867,0.0,66.661801,1.0,90.746218
1127,1848894865.0,3.0,4.0,60.0,6.0,99.818961,-1.0,3.0,52.372041,1.0,0.0,1.0,0.0,110.58676,3.0,19.074792,0.0,27.406334,1.0,179.558052
6648,1848894870.0,2.0,3.0,157.0,3.0,3.172207,-1.0,3.0,21.334325,1.0,0.0,1.0,0.0,13.179484,4.0,19.459044,1.0,64.938924,1.0,48.016222
1079,1848894875.0,4.0,-1.0,83.0,0.0,77.494379,-1.0,4.0,60.185596,1.0,0.0,1.0,0.0,88.095756,4.0,31.963739,0.0,16.917298,1.0,63.777935
6649,1848894878.0,2.0,2.0,146.0,3.0,13.930947,-1.0,2.0,-1.0,2.0,0.0,1.0,0.0,24.711069,3.0,62.635601,-1.0,35.182161,1.0,149.852874
6650,1848894882.0,4.0,3.0,158.0,3.0,2.476434,-1.0,4.0,116.842875,1.0,0.0,1.0,0.0,13.220496,-1.0,-1.0,1.0,58.318939,1.0,159.458651
6651,1848894888.0,2.0,3.0,145.0,3.0,14.692491,-1.0,3.0,57.260509,1.0,0.0,1.0,0.0,24.814884,1.0,3.379329,1.0,70.972833,1.0,249.185657
1236,1848894890.0,4.0,2.0,160.0,-1.0,0.367468,-1.0,4.0,6.920788,0.0,1.0,-1.0,1.0,11.251484,-1.0,11.757067,0.0,32.939848,0.0,48.943619
6652,1848894893.0,3.0,4.0,96.0,3.0,64.496106,-1.0,3.0,82.174582,1.0,0.0,-1.0,0.0,75.393157,1.0,115.54443,1.0,0.773222,1.0,134.788382
1237,1848894899.0,4.0,-1.0,150.0,-1.0,9.897528,-1.0,3.0,13.390856,1.0,-1.0,-1.0,0.0,20.570656,4.0,-1.0,0.0,3.567078,0.0,171.405172
1058,1848894904.0,3.0,-1.0,140.0,4.0,19.953229,-1.0,3.0,32.953406,1.0,0.0,1.0,0.0,30.92427,3.0,59.757716,0.0,18.611146,1.0,59.546424
6653,1848894909.0,2.0,2.0,73.0,3.0,87.274009,-1.0,3.0,90.441626,1.0,-1.0,1.0,0.0,97.568749,3.0,-1.0,0.0,12.384843,1.0,46.896478
1161,1848894914.0,4.0,4.0,131.0,1.0,29.34733,-1.0,2.0,23.467057,1.0,0.0,1.0,0.0,39.593747,4.0,30.497216,0.0,15.842906,1.0,143.060486
1128,1848894916.0,2.0,3.0,127.0,7.0,32.630168,-1.0,-1.0,23.466273,1.0,0.0,1.0,0.0,43.615594,1.0,82.962706,0.0,45.519927,1.0,36.582999
6654,1848894921.0,4.0,2.0,129.0,3.0,30.551012,-1.0,2.0,16.552362,0.0,1.0,-1.0,1.0,41.431218,4.0,59.520931,1.0,35.172065,0.0,49.092195
1162,1848894927.0,3.0,4.0,65.0,1.0,94.996282,-1.0,3.0,93.658573,2.0,0.0,1.0,0.0,105.000712,1.0,50.886427,1.0,8.124258,1.0,195.524381
1080,1848894931.0,2.0,3.0,128.0,0.0,31.564288,-1.0,2.0,36.201728,1.0,0.0,0.0,0.0,42.252018,4.0,-1.0,0.0,54.061452,0.0,113.611922
6655,1848894936.0,2.0,2.0,99.0,3.0,60.672041,-1.0,-1.0,69.386706,1.0,0.0,1.0,0.0,71.637793,-1.0,35.388361,0.0,47.413825,1.0,109.577895
1129,1848894939.0,3.0,4.0,81.0,7.0,79.121335,-1.0,4.0,94.224874,1.0,0.0,1.0,0.0,90.093278,3.0,-1.0,0.0,55.177006,1.0,49.957179
1081,1848894942.0,3.0,3.0,141.0,0.0,18.708373,-1.0,2.0,101.762949,1.0,0.0,1.0,0.0,28.976141,4.0,61.140358,0.0,25.718303,1.0,152.056231
6656,1848894947.0,3.0,3.0,148.0,3.0,11.999994,-1.0,2.0,2.414696,1.0,0.0,-1.0,0.0,22.003444,2.0,53.278936,0.0,14.644416,1.0,11.175718
6657,1848894952.0,2.0,2.0,67.0,3.0,93.271418,-1.0,2.0,86.417984,1.0,0.0,1.0,0.0,103.885674,1.0,42.842987,0.0,24.245066,1.0,2.447037
1154,1848894958.0,4.0,3.0,150.0,9.0,10.168692,-1.0,4.0,60.027177,1.0,0.0,1.0,0.0,20.258224,4.0,2.848716,0.0,26.791459,-1.0,-1.0
6658,1848894964.0,4.0,2.0,47.0,3.0,113.286032,-1.0,2.0,85.839161,2.0,0.0,1.0,0.0,123.888987,2.0,25.890094,0.0,10.596618,1.0,71.789202
1155,1848894969.0,3.0,-1.0,107.0,9.0,52.915162,-1.0,2.0,1.7828,1.0,0.0,1.0,0.0,63.281058,3.0,37.734861,-1.0,37.880925,1.0,68.63675
6659,1848894972.0,3.0,4.0,87.0,3.0,72.918339,-1.0,4.0,87.157098,1.0,0.0,1.0,0.0,83.91277,2.0,-1.0,-1.0,27.246201,1.0,129.457185
1059,1848894978.0,4.0,3.0,150.0,4.0,9.709736,-1.0,3.0,20.299271,1.0,0.0,1.0,0.0,19.734521,3.0,-1.0,0.0,25.368893,1.0,105.440597
6660,1848894982.0,2.0,2.0,124.0,3.0,35.925638,-1.0,2.0,67.664901,1.0,0.0,0.0,0.0,46.051417,2.0,48.28184,1.0,76.783126,0.0,149.823587
6661,1848894988.0,3.0,2.0,124.0,3.0,36.031097,-1.0,2.0,66.252923,1.0,0.0,1.0,0.0,46.58936,-1.0,84.713941,0.0,50.684299,1.0,77.030096
1060,1848894991.0,4.0,3.0,138.0,4.0,22.170027,-1.0,3.0,43.261743,1.0,-1.0,1.0,0.0,32.72073,2.0,139.304416,0.0,28.759042,-1.0,260.136266
1061,1848894994.0,3.0,3.0,150.0,4.0,10.333504,-1.0,4.0,73.716852,1.0,0.0,1.0,0.0,20.6495,3.0,43.327572,0.0,4.318558,1.0,109.127278
1062,1848895000.0,3.0,3.0,112.0,4.0,47.565221,-1.0,-1.0,82.135321,1.0,0.0,1.0,0.0,58.04857,1.0,36.40871,1.0,6.813328,1.0,28.966691
6662,1848895004.0,2.0,4.0,150.0,3.0,9.790187,-1.0,4.0,16.389095,1.0,0.0,1.0,0.0,20.57635,-1.0,5.678377,0.0,28.709868,1.0,52.303113
6663,1848895010.0,2.0,2.0,141.0,3.0,19.320837,-1.0,3.0,-1.0,2.0,0.0,1.0,0.0,30.123379,3.0,10.762298,0.0,12.46002,1.0,90.374033
6664,1848895016.0,4.0,2.0,83.0,3.0,77.446032,-1.0,4.0,56.900283,1.0,0.0,1.0,0.0,88.055088,1.0,37.504881,1.0,18.433318,1.0,12.217611
1156,1848895021.0,4.0,3.0,132.0,9.0,28.452208,-1.0,4.0,6.415978,2.0,-1.0,0.0,0.0,39.150032,3.0,16.482016,0.0,30.733764,0.0,13.543241
1130,1848895026.0,3.0,2.0,97.0,7.0,62.898469,-1.0,3.0,-1.0,1.0,0.0,1.0,0.0,72.918615,1.0,30.615689,0.0,3.910664,1.0,19.53522
1163,1848895028.0,4.0,3.0,140.0,1.0,19.795826,-1.0,2.0,6.470042,1.0,0.0,1.0,0.0,30.532799,-1.0,37.12769,0.0,47.965645,-1.0,21.306691
1082,1848895032.0,4.0,2.0,141.0,0.0,19.386689,-1.0,4.0,7.076957,1.0,0.0,1.0,0.0,30.08294,2.0,135.489334,0.0,26.885945,1.0,47.472027
1164,1848895035.0,2.0,3.0,86.0,1.0,74.136962,-1.0,4.0,12.545317,0.0,1.0,0.0,1.0,84.985038,2.0,10.091582,0.0,46.235065,0.0,51.995132
1128,1848895040.0,3.0,2.0,151.0,6.0,9.164439,-1.0,4.0,19.263263,2.0,0.0,1.0,0.0,19.702452,3.0,14.422167,0.0,63.921653,1.0,191.297978
6665,1848895044.0,2.0,4.0,143.0,3.0,16.75506,-1.0,3.0,1.407958,1.0,0.0,1.0,0.0,26.978874,4.0,75.529542,0.0,94.766174,1.0,54.686885
1083,1848895049.0,3.0,4.0,95.0,0.0,65.150243,-1.0,2.0,55.301066,2.0,0.0,1.0,0.0,75.965671,3.0,99.357305,1.0,13.809937,1.0,69.908102
6666,1848895054.0,2.0,2.0,33.0,3.0,126.794388,-1.0,2.0,-1.0,1.0,-1.0,1.0,0.0,137.379045,1.0,65.47069,0.0,1.07466,1.0,212.564045
6667,1848895056.0,3.0,3.0,157.0,3.0,2.505548,-1.0,4.0,13.83386,1.0,-1.0,-1.0,0.0,12.715839,3.0,39.472918,0.0,54.043923,1.0,236.701107
1063,1848895061.0,-1.0,3.0,148.0,4.0,11.532866,-1.0,3.0,77.968332,2.0,0.0,0.0,0.0,22.387677,1.0,48.22836,1.0,3.763895,0.0,156.699988
1131,1848895065.0,-1.0,4.0,151.0,7.0,9.061613,-1.0,2.0,-1.0,1.0,0.0,1.0,0.0,19.565797,-1.0,26.703341,0.0,24.313968,1.0,111.087539
6668,1848895069.0,3.0,2.0,132.0,3.0,28.045472,-1.0,3.0,-1.0,2.0,0.0,1.0,0.0,38.243347,3.0,110.282448,-1.0,23.024062,1.0,14.553878
1042,1848895074.0,2.0,4.0,130.0,5.0,30.016306,-1.0,2.0,47.320339,1.0,0.0,1.0,0.0,40.700411,2.0,1.224047,1.0,20.646277,1.0,175.114157
6669,1848895079.0,4.0,4.0,148.0,3.0,11.697186,-1.0,2.0,24.411289,2.0,0.0,1.0,0.0,22.580084,3.0,27.534098,-1.0,47.716455,1.0,103.925
1103,1848895082.0,3.0,2.0,86.0,8.0,74.363778,-1.0,3.0,18.358157,1.0,0.0,1.0,0.0,85.349294,3.0,3.773817,1.0,17.03912,1.0,68.766484
1129,1848895088.0,4.0,2.0,113.0,6.0,46.590967,-1.0,3.0,2.273024,0.0,1.0,0.0,1.0,57.005991,1.0,-1.0,0.0,15.060523,0.0,52.697743
6670,1848895091.0,4.0,2.0,118.0,3.0,41.549799,-1.0,3.0,88.720586,1.0,0.0,-1.0,0.0,52.271123,3.0,62.828494,0.0,12.198178,0.0,134.416358
1132,1848895093.0,3.0,3.0,124.0,7.0,35.52625,-1.0,4.0,60.668152,1.0,0.0,1.0,0.0,46.42812,3.0,51.592086,0.0,6.379312,1.0,58.513601
1104,1848895096.0,2.0,3.0,117.0,8.0,42.548458,-1.0,4.0,147.712955,0.0,1.0,1.0,1.0,53.518999,1.0,44.61648,1.0,28.599756,1.0,151.708083
6671,1848895101.0,4.0,-1.0,135.0,3.0,24.77128,-1.0,3.0,53.423263,0.0,1.0,1.0,1.0,35.121657,2.0,51.407242,1.0,14.651189,1.0,-1.0
1105,1848895105.0,4.0,3.0,149.0,8.0,10.995406,-1.0,4.0,-1.0,2.0,-1.0,1.0,0.0,21.969134,3.0,42.234171,0.0,30.533135,-1.0,94.291236
6672,1848895108.0,3.0,2.0,151.0,3.0,9.178334,-1.0,3.0,17.604174,1.0,0.0,1.0,0.0,19.19771,3.0,28.425693,-1.0,1.23421,1.0,10.902706
1238,1848895112.0,3.0,3.0,123.0,-1.0,36.981475,-1.0,4.0,-1.0,1.0,0.0,1.0,0.0,47.897857,3.0,8.795534,0.0,24.674454,1.0,6.560407
1165,1848895118.0,3.0,4.0,84.0,1.0,75.907035,-1.0,2.0,38.698952,2.0,0.0,1.0,0.0,86.78096,1.0,70.946966,0.0,11.188856,1.0,110.490487
1239,1848895124.0,4.0,3.0,112.0,-1.0,47.973826,-1.0,4.0,20.042263,1.0,0.0,1.0,0.0,58.513592,2.0,12.66389,1.0,26.897812,1.0,157.581362
1166,1848895126.0,4.0,2.0,43.0,1.0,116.958839,-1.0,4.0,39.66092,1.0,0.0,1.0,0.0,127.401931,2.0,19.543333,0.0,2.037596,1.0,19.412978
1130,1848895129.0,3.0,4.0,62.0,6.0,97.801859,-1.0,3.0,46.309581,1.0,0.0,-1.0,0.0,107.942833,4.0,10.275937,1.0,8.883963,-1.0,170.063491
1064,1848895135.0,4.0,2.0,138.0,4.0,22.17391,-1.0,2.0,18.227971,1.0,0.0,1.0,0.0,32.809098,4.0,16.912705,0.0,2.466295,1.0,115.042274
6673,1848895137.0,4.0,4.0,140.0,3.0,20.467271,-1.0,4.0,60.4189,1.0,0.0,1.0,0.0,30.854159,3.0,44.278584,0.0,21.89149,1.0,17.841559
1065,1848895140.0,4.0,2.0,140.0,4.0,19.547796,-1.0,-1.0,101.17178,2.0,0.0,1.0,0.0,30.471568,3.0,-1.0,0.0,31.774171,1.0,44.53222
6674,1848895142.0,2.0,2.0,139.0,3.0,21.322368,-1.0,4.0,29.510006,2.0,-1.0,1.0,0.0,31.493739,-1.0,38.317564,1.0,31.788869,1.0,36.901704
1131,1848895145.0,3.0,2.0,156.0,6.0,3.811658,-1.0,2.0,61.931434,2.0,0.0,1.0,0.0,14.334208,1.0,9.163309,0.0,38.124637,1.0,14.335698
6675,1848895149.0,2.0,4.0,83.0,3.0,77.106205,-1.0,3.0,10.694618,2.0,0.0,0.0,0.0,87.202585,1.0,53.783494,0.0,68.988617,0.0,196.325133
1043,1848895155.0,4.0,4.0,133.0,5.0,27.046511,-1.0,4.0,24.497257,1.0,-1.0,1.0,0.0,37.525506,4.0,5.315422,0.0,10.308883,1.0,51.214298
1167,1848895159.0,4.0,4.0,122.0,1.0,38.306408,-1.0,3.0,-1.0,1.0,0.0,1.0,0.0,48.927159,-1.0,60.838238,0.0,7.955757,1.0,50.308427
1240,1848895163.0,3.0,2.0,158.0,-1.0,1.681178,-1.0,4.0,30.921195,2.0,0.0,1.0,0.0,12.489797,1.0,53.731452,0.0,27.926936,-1.0,147.201344
6676,1848895168.0,4.0,3.0,38.0,3.0,121.654527,-1.0,2.0,7.438813,0.0,1.0,1.0,1.0,132.189298,3.0,45.438958,0.0,35.834792,1.0,17.50622
6677,1848895172.0,3.0,3.0,111.0,3.0,49.219096,-1.0,4.0,0.08128,1.0,0.0,1.0,0.0,59.633995,-1.0,15.150815,0.0,68.581414,1.0,62.071808
6678,1848895174.0,4.0,2.0,155.0,3.0,4.72694,-1.0,-1.0,29.340403,2.0,0.0,0.0,0.0,15.488989,3.0,48.955517,-1.0,19.406575,0.0,207.714831
6679,1848895177.0,3.0,4.0,89.0,3.0,71.210359,-1.0,2.0,36.820152,2.0,0.0,1.0,0.0,81.680302,3.0,9.08677,0.0,29.963593,1.0,1.90736
1135,1848895182.0,2.0,4.0,93.0,2.0,67.199893,-1.0,2.0,-1.0,1.0,0.0,-1.0,0.0,77.822643,4.0,23.706647,0.0,29.222908,1.0,271.631644
1168,1848895187.0,2.0,3.0,152.0,1.0,7.672766,-1.0,4.0,6.347678,1.0,0.0,1.0,0.0,18.155019,3.0,36.902291,0.0,57.743737,1.0,217.7684
1106,1848895189.0,4.0,4.0,56.0,8.0,103.859005,-1.0,4.0,135.418531,1.0,0.0,0.0,0.0,114.57072,4.0,41.313071,1.0,59.260518,0.0,194.781749
1132,1848895191.0,3.0,2.0,94.0,6.0,66.32655,-1.0,3.0,70.364688,1.0,0.0,-1.0,0.0,76.989975,3.0,3.530989,0.0,46.684392,1.0,107.84859
1107,1848895193.0,2.0,4.0,158.0,8.0,2.234769,-1.0,4.0,106.75004,1.0,0.0,1.0,0.0,13.143619,2.0,144.063393,0.0,43.372217,1.0,138.122878
6680,1848895197.0,3.0,3.0,158.0,3.0,1.953795,-1.0,3.0,59.178056,1.0,0.0,1.0,0.0,12.610573,1.0,22.561259,0.0,12.081767,-1.0,106.689332
1066,1848895199.0,2.0,2.0,117.0,4.0,43.056459,-1.0,4.0,21.279913,2.0,-1.0,1.0,0.0,53.615314,2.0,20.283236,-1.0,35.765716,1.0,49.311345
1133,1848895203.0,4.0,4.0,107.0,7.0,52.533025,-1.0,4.0,71.843686,1.0,0.0,1.0,0.0,62.58276,-1.0,123.181086,0.0,56.522589,1.0,34.578978
1134,1848895208.0,-1.0,3.0,152.0,7.0,8.061567,-1.0,2.0,28.262538,1.0,0.0,1.0,0.0,18.4242,2.0,82.998587,0.0,33.517026,1.0,34.912665
1157,1848895213.0,4.0,4.0,126.0,9.0,34.183158,-1.0,3.0,76.932112,1.0,-1.0,1.0,0.0,45.10699,1.0,1.155142,0.0,56.195772,1.0,207.523884
1133,1848895218.0,2.0,3.0,156.0,6.0,4.364565,-1.0,-1.0,80.491037,1.0,0.0,-1.0,0.0,14.540353,2.0,24.08903,0.0,31.582906,0.0,23.398227
1134,1848895224.0,3.0,3.0,139.0,6.0,20.716603,-1.0,2.0,17.416369,2.0,0.0,-1.0,0.0,31.214163,4.0,4.695532,1.0,8.453267,1.0,184.739196
6681,1848895229.0,3.0,4.0,89.0,3.0,71.317672,-1.0,-1.0,37.066478,2.0,0.0,1.0,0.0,81.973566,3.0,39.555505,0.0,26.913841,1.0,101.305863
6682,1848895234.0,-1.0,2.0,159.0,3.0,0.847346,-1.0,2.0,-1.0,1.0,0.0,0.0,0.0,11.569117,3.0,93.966302,-1.0,16.151714,0.0,1.816543
1135,1848895240.0,2.0,3.0,36.0,7.0,124.052813,-1.0,2.0,72.479008,2.0,0.0,1.0,0.0,134.481331,4.0,44.570364,0.0,56.766537,1.0,137.383297
6683,1848895245.0,3.0,4.0,63.0,3.0,97.271773,-1.0,-1.0,23.582211,1.0,0.0,1.0,0.0,107.327585,4.0,37.370324,0.0,68.012383,1.0,33.749271
1169,1848895248.0,2.0,3.0,130.0,1.0,29.68477,-1.0,4.0,-1.0,1.0,0.0,1.0,0.0,40.092048,2.0,-1.0,0.0,4.195087,1.0,41.085181
1136,1848895252.0,4.0,2.0,111.0,7.0,49.143913,-1.0,3.0,-1.0,1.0,-1.0,1.0,0.0,59.384878,1.0,58.257654,0.0,48.35231,1.0,222.164009
1158,1848895258.0,3.0,4.0,99.0,9.0,60.723384,-1.0,4.0,4.968419,1.0,0.0,1.0,0.0,71.718052,3.0,19.041401,0.0,80.454771,1.0,242.721661
1084,1848895260.0,3.0,4.0,142.0,0.0,17.904458,-1.0,2.0,-1.0,2.0,0.0,0.0,0.0,28.208449,2.0,-1.0,0.0,22.435907,0.0,28.787435
1108,1848895262.0,4.0,2.0,124.0,8.0,36.361132,-1.0,2.0,19.642701,1.0,-1.0,0.0,0.0,46.370371,4.0,59.798125,0.0,93.058476,0.0,20.788697
6684,1848895264.0,2.0,3.0,102.0,3.0,57.851894,-1.0,4.0,80.089285,1.0,0.0,1.0,0.0,68.213581,3.0,54.449097,0.0,58.790692,1.0,205.651073
6685,1848895267.0,3.0,-1.0,22.0,3.0,137.940878,-1.0,4.0,5.209883,2.0,0.0,0.0,0.0,148.891542,3.0,40.860903,0.0,18.541391,0.0,237.736326
1136,1848895273.0,2.0,2.0,63.0,2.0,97.110348,-1.0,2.0,104.13735,1.0,0.0,1.0,0.0,107.660089,3.0,133.287228,0.0,16.914925,1.0,230.368251
1159,1848895278.0,3.0,2.0,151.0,9.0,9.277439,-1.0,3.0,13.185595,1.0,0.0,1.0,0.0,19.417457,-1.0,0.54189,0.0,29.446392,1.0,88.722954
1137,1848895282.0,2.0,3.0,117.0,2.0,42.591477,-1.0,4.0,33.145147,0.0,1.0,1.0,1.0,53.222654,4.0,-1.0,0.0,30.989999,1.0,3.083265
6686,1848895286.0,3.0,2.0,95.0,3.0,64.550497,-1.0,3.0,84.839594,1.0,0.0,1.0,0.0,75.107967,3.0,76.752302,0.0,17.542264,1.0,186.113879
6687,1848895291.0,3.0,3.0,140.0,3.0,19.599206,-1.0,-1.0,23.172919,1.0,0.0,1.0,0.0,30.142736,4.0,65.327358,0.0,6.823909,1.0,163.300436
6688,1848895295.0,3.0,-1.0,82.0,3.0,77.888154,-1.0,3.0,93.328975,1.0,0.0,-1.0,0.0,88.458935,4.0,43.87532,0.0,13.811494,1.0,224.266517
1044,1848895297.0,2.0,4.0,74.0,5.0,-1.0,-1.0,4.0,25.156142,1.0,0.0,1.0,0.0,-1.0,-1.0,45.264533,0.0,57.83605,1.0,139.882195
1138,1848895299.0,2.0,3.0,59.0,2.0,101.089633,-1.0,2.0,137.948998,2.0,0.0,1.0,0.0,111.221702,3.0,-1.0,0.0,5.541187,1.0,133.001307
1067,1848895305.0,3.0,3.0,108.0,4.0,51.927908,-1.0,-1.0,22.158943,1.0,0.0,1.0,0.0,62.633549,-1.0,23.576097,0.0,35.135044,1.0,28.829267
1135,1848895310.0,4.0,3.0,56.0,6.0,103.822284,-1.0,-1.0,77.781999,1.0,0.0,-1.0,0.0,114.039481,4.0,87.115843,-1.0,99.932878,1.0,99.389922
1068,1848895314.0,2.0,4.0,137.0,4.0,22.964206,-1.0,4.0,-1.0,1.0,0.0,1.0,0.0,33.620356,-1.0,20.74459,-1.0,19.552066,1.0,74.221378
1137,1848895316.0,3.0,2.0,100.0,7.0,60.043841,-1.0,-1.0,-1.0,1.0,0.0,1.0,0.0,70.934684,4.0,30.118701,1.0,25.145302,1.0,12.999524
1139,1848895320.0,4.0,4.0,97.0,2.0,63.332849,-1.0,3.0,62.325606,1.0,0.0,1.0,0.0,73.600317,3.0,-1.0,0.0,9.324891,1.0,10.142924
1069,1848895324.0,2.0,3.0,151.0,4.0,9.104835,-1.0,-1.0,-1.0,1.0,0.0,1.0,0.0,19.658776,3.0,-1.0,-1.0,24.985041,1.0,144.036471
1170,1848895328.0,2.0,2.0,74.0,1.0,-1.0,-1.0,-1.0,34.784902,0.0,1.0,-1.0,1.0,-1.0,3.0,64.326345,-1.0,7.237123,1.0,9.291088
1138,1848895332.0,3.0,2.0,47.0,7.0,113.384839,-1.0,3.0,91.310859,2.0,0.0,1.0,0.0,124.103222,3.0,42.482712,0.0,11.105501,-1.0,106.699188
6689,1848895337.0,2.0,2.0,93.0,3.0,67.290675,-1.0,2.0,-1.0,1.0,0.0,1.0,0.0,78.101473,4.0,18.2281,0.0,68.94659,1.0,25.534023
6690,1848895341.0,2.0,4.0,151.0,3.0,9.175329,-1.0,3.0,7.181463,2.0,0.0,1.0,0.0,19.369373,3.0,30.529606,0.0,22.743285,1.0,58.367629
6691,1848895347.0,2.0,3.0,72.0,3.0,87.713585,-1.0,4.0,113.73725,1.0,0.0,-1.0,0.0,97.749967,-1.0,-1.0,0.0,4.267453,1.0,105.163848
1085,1848895351.0,4.0,3.0,33.0,0.0,126.940584,-1.0,2.0,46.403964,1.0,-1.0,1.0,0.0,137.930231,2.0,70.264404,1.0,36.439748,1.0,90.833166
1086,1848895357.0,3.0,2.0,67.0,0.0,92.87511,-1.0,4.0,-1.0,1.0,0.0,1.0,0.0,103.208937,1.0,9.859969,1.0,28.997828,1.0,178.073837
1070,1848895362.0,3.0,3.0,133.0,4.0,27.481677,-1.0,3.0,78.905432,1.0,0.0,1.0,0.0,38.019807,2.0,117.172672,0.0,11.65468,1.0,237.140143
6692,1848895366.0,2.0,3.0,78.0,3.0,82.195716,-1.0,3.0,63.177401,1.0,0.0,1.0,0.0,92.56861,1.0,30.146346,1.0,32.452409,1.0,139.308508
6693,1848895370.0,4.0,2.0,152.0,3.0,8.414482,-1.0,3.0,62.83389,0.0,1.0,1.0,1.0,18.78531,3.0,49.983062,1.0,27.434514,1.0,144.697066
1136,1848895376.0,3.0,3.0,157.0,6.0,2.946579,-1.0,-1.0,27.628884,2.0,-1.0,-1.0,0.0,13.112016,3.0,7.161427,-1.0,24.873741,1.0,126.905053
1087,1848895381.0,4.0,3.0,144.0,0.0,15.828549,-1.0,4.0,36.525522,0.0,1.0,1.0,1.0,26.079913,3.0,6.658345,1.0,36.684382,1.0,120.52793
1139,1848895385.0,3.0,2.0,134.0,7.0,26.166534,-1.0,2.0,0.721598,2.0,0.0,1.0,0.0,36.56053,1.0,31.264246,0.0,14.211585,1.0,260.841611
6694,1848895388.0,2.0,3.0,50.0,3.0,110.30783,-1.0,4.0,-1.0,1.0,0.0,1.0,0.0,120.486985,4.0,60.024808,-1.0,39.237438,1.0,33.021088
6695,1848895393.0,2.0,2.0,159.0,3.0,0.747237,-1.0,-1.0,25.892731,1.0,0.0,1.0,0.0,11.258402,-1.0,117.243573,0.0,3.698117,1.0,89.342711
6696,1848895396.0,3.0,2.0,160.0,3.0,0.135025,-1.0,2.0,28.459111,1.0,0.0,1.0,0.0,10.23742,3.0,35.513613,0.0,6.03165,1.0,69.182567
6697,1848895399.0,3.0,4.0,44.0,3.0,115.97901,-1.0,3.0,57.868347,1.0,0.0,-1.0,0.0,126.198812,3.0,16.777727,0.0,42.297042,1.0,110.084533
1109,1848895402.0,2.0,3.0,145.0,8.0,14.628963,-1.0,-1.0,87.4917,2.0,0.0,1.0,0.0,25.213615,3.0,64.723078,0.0,68.760774,1.0,3.573192
6698,1848895406.0,4.0,2.0,115.0,3.0,44.86639,-1.0,3.0,56.142592,1.0,0.0,1.0,0.0,55.809362,-1.0,3.136516,-1.0,5.827991,1.0,109.214217
1171,1848895411.0,4.0,3.0,128.0,1.0,31.570726,-1.0,2.0,8.012963,1.0,0.0,1.0,0.0,42.363532,3.0,32.610807,0.0,5.093092,1.0,50.952452
1045,1848895414.0,4.0,4.0,155.0,5.0,5.096223,-1.0,4.0,15.586417,0.0,1.0,1.0,1.0,15.42821,3.0,79.110957,0.0,54.369233,-1.0,29.371987
1140,1848895416.0,4.0,2.0,74.0,2.0,-1.0,-1.0,2.0,29.431476,1.0,-1.0,-1.0,0.0,-1.0,4.0,34.734719,1.0,14.766665,1.0,75.604802
1088,1848895418.0,4.0,3.0,87.0,0.0,73.267273,-1.0,2.0,33.544945,1.0,0.0,0.0,0.0,83.80014,3.0,65.586108,1.0,3.70005,0.0,26.586867
6699,1848895422.0,2.0,4.0,55.0,3.0,105.469994,-1.0,4.0,118.527306,1.0,0.0,1.0,0.0,115.903877,2.0,-1.0,0.0,78.488064,1.0,226.842747
1110,1848895425.0,-1.0,4.0,131.0,8.0,28.836968,-1.0,4.0,22.211022,1.0,0.0,1.0,0.0,39.029004,3.0,120.04245,1.0,17.232788,1.0,108.233156
6700,1848895429.0,4.0,2.0,72.0,3.0,88.27797,-1.0,4.0,15.161786,1.0,0.0,-1.0,0.0,98.905403,3.0,56.059066,-1.0,64.008116,1.0,3.239967
6701,1848895435.0,2.0,3.0,148.0,3.0,11.884028,-1.0,2.0,21.882234,2.0,0.0,1.0,0.0,22.836715,4.0,111.943808,0.0,3.271813,1.0,100.531508
6702,1848895439.0,4.0,3.0,76.0,3.0,83.943857,-1.0,2.0,89.118974,1.0,-1.0,0.0,0.0,94.512717,2.0,50.44239,-1.0,11.901679,0.0,148.526597
1160,1848895442.0,3.0,2.0,88.0,9.0,72.240254,-1.0,3.0,87.517129,1.0,-1.0,1.0,0.0,83.060327,-1.0,56.397783,0.0,46.265439,1.0,-1.0
1141,1848895446.0,4.0,3.0,68.0,2.0,92.318074,-1.0,2.0,26.356723,1.0,0.0,0.0,0.0,103.175347,3.0,142.20105,0.0,3.906447,0.0,35.755958
6703,1848895448.0,2.0,3.0,17.0,3.0,143.22443,-1.0,2.0,129.784655,2.0,0.0,-1.0,0.0,153.944919,-1.0,13.56248,0.0,4.4531,1.0,12.724471
1142,1848895451.0,3.0,2.0,93.0,2.0,67.051397,-1.0,2.0,39.570805,1.0,0.0,1.0,0.0,77.836978,4.0,-1.0,0.0,10.278981,1.0,83.229124
1089,1848895454.0,4.0,4.0,112.0,0.0,47.932473,-1.0,4.0,-1.0,1.0,0.0,1.0,0.0,58.707613,3.0,17.731513,0.0,4.054889,1.0,227.963048
1140,1848895459.0,3.0,4.0,70.0,7.0,89.533915,-1.0,2.0,53.693183,1.0,0.0,1.0,0.0,99.959677,-1.0,143.537266,0.0,16.208033,1.0,129.346836
1071,1848895463.0,3.0,3.0,145.0,4.0,14.831188,-1.0,2.0,117.798308,1.0,0.0,0.0,0.0,25.512609,-1.0,80.700024,0.0,81.919177,0.0,70.035283
6704,1848895465.0,2.0,3.0,44.0,3.0,115.940735,-1.0,2.0,121.826947,1.0,0.0,1.0,0.0,126.939198,-1.0,-1.0,-1.0,21.712844,1.0,138.355354
1141,1848895470.0,2.0,3.0,36.0,7.0,123.782892,-1.0,3.0,41.106857,1.0,0.0,1.0,0.0,134.698089,1.0,-1.0,0.0,1.942169,-1.0,39.899783
6705,1848895475.0,2.0,3.0,94.0,3.0,65.559953,-1.0,4.0,21.576074,0.0,1.0,0.0,1.0,75.935321,1.0,15.203028,0.0,60.0623,0.0,133.757518
1172,1848895480.0,2.0,2.0,120.0,1.0,39.829926,-1.0,2.0,23.271374,2.0,0.0,0.0,0.0,50.568406,1.0,38.664121,-1.0,9.015268,0.0,75.937516
1161,1848895485.0,-1.0,3.0,151.0,9.0,8.740447,-1.0,-1.0,32.774699,2.0,-1.0,1.0,0.0,18.935906,2.0,43.067713,0.0,25.698968,-1.0,225.684136
1090,1848895491.0,4.0,2.0,137.0,0.0,22.649462,-1.0,2.0,57.653577,2.0,0.0,1.0,0.0,33.248631,4.0,50.518754,0.0,43.977659,1.0,28.794948
6706,1848895497.0,3.0,3.0,157.0,3.0,2.508223,-1.0,-1.0,-1.0,1.0,-1.0,1.0,0.0,13.130321,2.0,13.608907,-1.0,47.069331,1.0,82.610692
6707,1848895499.0,3.0,4.0,160.0,3.0,0.30505,-1.0,4.0,-1.0,0.0,1.0,1.0,1.0,11.253208,2.0,21.933375,0.0,6.318839,1.0,229.731025
1143,1848895501.0,3.0,-1.0,82.0,2.0,78.216097,-1.0,2.0,21.002827,2.0,0.0,1.0,0.0,88.439415,2.0,105.825779,0.0,4.976499,1.0,130.119038
6708,1848895506.0,3.0,4.0,124.0,3.0,35.735513,-1.0,2.0,9.519814,0.0,1.0,1.0,1.0,46.538183,2.0,20.906977,0.0,24.871623,1.0,97.843539
6709,1848895508.0,-1.0,4.0,127.0,3.0,32.97502,-1.0,3.0,-1.0,1.0,0.0,1.0,0.0,43.429403,3.0,45.78403,0.0,33.926381,1.0,190.364364
6710,1848895514.0,3.0,2.0,146.0,3.0,14.030133,-1.0,3.0,-1.0,1.0,0.0,0.0,0.0,24.928432,1.0,39.366208,0.0,2.80172,0.0,17.140432
1142,1848895519.0,3.0,3.0,102.0,7.0,58.145028,-1.0,-1.0,85.061488,1.0,0.0,1.0,0.0,68.686826,4.0,2.458313,0.0,6.17595,1.0,127.614004
1241,1848895524.0,4.0,3.0,156.0,-1.0,3.503667,-1.0,2.0,-1.0,1.0,0.0,0.0,0.0,14.148107,3.0,100.757702,0.0,11.442822,0.0,52.329138
1111,1848895526.0,4.0,4.0,143.0,8.0,17.196513,-1.0,4.0,8.332723,1.0,0.0,0.0,0.0,27.659331,1.0,55.468637,0.0,22.194332,0.0,66.957869
6711,1848895532.0,3.0,2.0,118.0,3.0,41.734292,-1.0,2.0,45.027296,1.0,-1.0,1.0,0.0,51.989182,4.0,17.284185,0.0,61.083094,1.0,164.658029
1173,1848895537.0,2.0,2.0,74.0,1.0,-1.0,-1.0,4.0,5.825032,0.0,1.0,1.0,1.0,-1.0,3.0,60.482714,0.0,32.91264,1.0,220.522496
1143,1848895541.0,2.0,4.0,105.0,7.0,55.159068,-1.0,4.0,14.739344,2.0,0.0,1.0,0.0,65.623605,3.0,52.738301,0.0,8.241343,1.0,27.46604
1072,1848895544.0,4.0,3.0,116.0,4.0,44.415576,-1.0,4.0,2.567728,0.0,1.0,-1.0,1.0,54.920846,2.0,-1.0,0.0,31.016325,0.0,61.313087
1144,1848895549.0,3.0,2.0,143.0,7.0,16.85181,-1.0,2.0,25.256851,2.0,0.0,1.0,0.0,26.976962,3.0,44.778421,-1.0,25.401615,1.0,119.067818
6712,1848895553.0,3.0,2.0,152.0,3.0,7.82659,-1.0,-1.0,41.340554,1.0,0.0,1.0,0.0,18.758259,4.0,31.865962,0.0,32.389653,1.0,152.274216
1112,1848895557.0,4.0,4.0,158.0,8.0,1.738578,-1.0,4.0,20.002231,1.0,-1.0,1.0,0.0,12.181108,1.0,18.022859,0.0,22.544242,1.0,53.556556
6713,1848895561.0,2.0,4.0,139.0,3.0,20.935043,-1.0,3.0,93.904964,1.0,0.0,-1.0,0.0,31.905954,4.0,42.545836,0.0,37.081079,1.0,6.712908
1144,1848895567.0,3.0,4.0,147.0,2.0,13.17856,-1.0,-1.0,82.294048,2.0,0.0,-1.0,0.0,23.903169,1.0,50.952686,0.0,61.981455,1.0,68.406992
1145,1848895573.0,4.0,3.0,87.0,7.0,72.517065,-1.0,3.0,6.147715,1.0,-1.0,1.0,0.0,82.649541,3.0,42.289217,0.0,57.110127,1.0,123.412642
1137,1848895577.0,2.0,3.0,147.0,6.0,12.896879,-1.0,3.0,75.134572,1.0,0.0,1.0,0.0,23.782239,3.0,141.663453,-1.0,30.290326,1.0,159.749905
1046,1848895583.0,2.0,4.0,137.0,5.0,22.728915,-1.0,2.0,13.112571,2.0,0.0,1.0,0.0,33.697156,1.0,24.563872,0.0,27.171818,1.0,160.532364
1146,1848895586.0,2.0,3.0,25.0,7.0,134.723243,-1.0,3.0,99.866896,0.0,1.0,-1.0,1.0,145.377511,3.0,22.592912,1.0,18.959973,-1.0,32.210815
1162,1848895589.0,3.0,3.0,32.0,9.0,128.449123,-1.0,4.0,37.901419,1.0,0.0,1.0,0.0,138.857425,3.0,102.47482,0.0,27.920944,1.0,12.056634
6714,1848895592.0,2.0,3.0,98.0,3.0,61.932364,-1.0,3.0,88.875522,1.0,0.0,-1.0,0.0,72.809169,2.0,56.357195,1.0,17.903917,1.0,110.067014
1138,1848895596.0,3.0,2.0,148.0,6.0,11.980821,-1.0,2.0,136.688683,2.0,-1.0,1.0,0.0,22.020784,3.0,67.649425,-1.0,71.988814,1.0,43.17791
1147,1848895602.0,4.0,3.0,133.0,7.0,26.819333,-1.0,3.0,-1.0,1.0,0.0,1.0,0.0,37.563755,4.0,46.761956,0.0,64.301818,1.0,210.750963
6715,1848895604.0,3.0,3.0,93.0,3.0,66.759105,-1.0,3.0,23.830565,1.0,0.0,1.0,0.0,77.180401,3.0,56.619854,0.0,40.263975,1.0,82.442786
1242,1848895607.0,4.0,4.0,77.0,-1.0,82.684663,-1.0,4.0,42.47363,1.0,0.0,0.0,0.0,93.44444,2.0,7.10185,-1.0,13.550906,0.0,211.246365
6716,1848895613.0,2.0,2.0,36.0,3.0,123.680933,-1.0,-1.0,26.828805,1.0,-1.0,-1.0,0.0,134.561863,3.0,91.314571,0.0,16.656305,1.0,88.746439
6717,1848895618.0,2.0,2.0,151.0,3.0,9.108912,-1.0,4.0,76.751877,2.0,0.0,1.0,0.0,19.839797,3.0,58.408236,0.0,51.588063,1.0,195.950425
6718,1848895622.0,4.0,3.0,123.0,3.0,36.74825,-1.0,3.0,124.71745,1.0,0.0,1.0,0.0,47.489494,2.0,37.759967,0.0,30.900457,1.0,131.290281
6719,1848895626.0,2.0,3.0,148.0,3.0,12.363066,-1.0,3.0,57.641918,1.0,0.0,1.0,0.0,22.571272,2.0,8.496354,0.0,15.295579,1.0,8.766966
1174,1848895628.0,3.0,2.0,153.0,1.0,7.253568,-1.0,4.0,9.404832,0.0,1.0,1.0,1.0,17.925788,4.0,45.090762,0.0,6.987061,1.0,102.619431
6720,1848895630.0,4.0,4.0,85.0,3.0,74.502657,-1.0,2.0,-1.0,1.0,0.0,1.0,0.0,85.37362,4.0,7.873531,1.0,65.821444,1.0,265.516
1139,1848895635.0,2.0,3.0,140.0,6.0,19.919323,-1.0,3.0,91.653017,2.0,0.0,-1.0,0.0,30.597169,3.0,26.860456,0.0,78.180032,0.0,28.15813
1140,1848895640.0,2.0,3.0,108.0,6.0,52.122275,-1.0,3.0,38.780873,0.0,1.0,0.0,1.0,62.596228,3.0,130.488803,0.0,29.889814,0.0,77.763679
6721,1848895642.0,4.0,2.0,71.0,3.0,89.318728,-1.0,2.0,-1.0,1.0,0.0,1.0,0.0,99.620233,3.0,1.933699,0.0,0.144311,1.0,69.868964
1047,1848895645.0,3.0,4.0,110.0,5.0,49.983506,-1.0,3.0,82.575561,1.0,0.0,1.0,0.0,60.961291,3.0,58.122634,0.0,23.732915,-1.0,31.578764
6722,1848895647.0,-1.0,4.0,74.0,3.0,-1.0,-1.0,4.0,56.799883,1.0,0.0,0.0,0.0,-1.0,4.0,-1.0,1.0,26.09695,0.0,6.959856
6723,1848895652.0,4.0,4.0,118.0,3.0,41.952389,-1.0,4.0,27.395291,2.0,-1.0,1.0,0.0,52.216936,2.0,111.090852,0.0,1.348975,1.0,62.3435
1148,1848895656.0,3.0,3.0,113.0,7.0,47.312039,-1.0,-1.0,8.226684,1.0,0.0,1.0,0.0,58.29006,2.0,63.743644,1.0,43.482013,1.0,105.950364
1091,1848895662.0,2.0,-1.0,112.0,0.0,48.049393,-1.0,4.0,-1.0,1.0,0.0,1.0,0.0,58.253115,4.0,31.988721,0.0,61.129877,1.0,195.596814
1163,1848895664.0,4.0,2.0,90.0,9.0,69.785129,-1.0,2.0,77.069815,1.0,-1.0,1.0,0.0,80.767059,4.0,126.839361,0.0,32.828179,1.0,1.09404
6724,1848895666.0,4.0,3.0,74.0,3.0,-1.0,-1.0,4.0,-1.0,0.0,1.0,0.0,1.0,-1.0,4.0,-1.0,1.0,13.949303,0.0,-1.0
1048,1848895670.0,2.0,3.0,150.0,5.0,9.875534,-1.0,3.0,43.740328,1.0,0.0,-1.0,0.0,20.254327,-1.0,-1.0,0.0,27.71423,1.0,169.098875
6725,1848895672.0,3.0,2.0,109.0,3.0,50.747904,-1.0,3.0,9.584542,2.0,0.0,-1.0,0.0,61.512723,3.0,76.721951,1.0,2.888821,1.0,116.660705
1243,1848895677.0,3.0,2.0,130.0,-1.0,30.44984,-1.0,4.0,59.050741,1.0,-1.0,0.0,0.0,41.447403,3.0,41.331001,0.0,3.429143,0.0,90.211101
6726,1848895679.0,4.0,4.0,107.0,3.0,53.114877,-1.0,2.0,57.144832,2.0,0.0,1.0,0.0,63.908915,4.0,81.810559,0.0,35.635537,1.0,191.229238
1164,1848895683.0,3.0,3.0,91.0,9.0,69.327089,-1.0,3.0,28.104942,1.0,-1.0,1.0,0.0,80.081605,3.0,7.491038,0.0,17.879435,1.0,5.587919
1092,1848895688.0,4.0,2.0,155.0,0.0,5.396566,-1.0,2.0,24.429845,1.0,0.0,-1.0,0.0,15.986671,4.0,-1.0,1.0,19.605537,0.0,96.199558
1073,1848895691.0,2.0,3.0,103.0,4.0,57.106047,-1.0,4.0,15.563752,2.0,0.0,1.0,0.0,68.050936,3.0,42.361595,0.0,22.354542,-1.0,161.575168
6727,1848895696.0,4.0,3.0,74.0,3.0,-1.0,-1.0,-1.0,5.364806,1.0,0.0,1.0,0.0,-1.0,-1.0,20.62817,0.0,4.002021,1.0,197.76324
1141,1848895699.0,4.0,3.0,74.0,6.0,-1.0,-1.0,3.0,-1.0,1.0,0.0,-1.0,0.0,-1.0,3.0,64.103667,0.0,65.761587,0.0,45.3275
6728,1848895703.0,2.0,2.0,160.0,3.0,0.035381,-1.0,2.0,64.8608,1.0,0.0,1.0,0.0,10.630484,1.0,47.256282,0.0,25.179501,-1.0,87.484324
6729,1848895709.0,2.0,3.0,85.0,3.0,75.093101,-1.0,4.0,40.538428,1.0,0.0,0.0,0.0,85.416694,3.0,41.669863,0.0,36.427694,0.0,115.605328
6730,1848895711.0,2.0,2.0,150.0,3.0,9.919395,-1.0,4.0,83.623234,2.0,0.0,1.0,0.0,20.26891,2.0,58.433565,1.0,29.211874,1.0,68.407519
1165,1848895715.0,2.0,3.0,83.0,9.0,77.052203,-1.0,2.0,-1.0,1.0,0.0,0.0,0.0,87.074234,-1.0,61.869375,0.0,30.009383,0.0,96.015106
1244,1848895721.0,2.0,3.0,152.0,-1.0,8.197439,-1.0,2.0,28.919543,1.0,0.0,1.0,0.0,19.160901,2.0,3.32068,1.0,17.629096,1.0,137.63836
6731,1848895724.0,3.0,3.0,158.0,3.0,1.813774,-1.0,2.0,99.256411,2.0,0.0,1.0,0.0,12.433384,1.0,46.313209,1.0,8.648338,1.0,202.221586
1142,1848895728.0,2.0,3.0,141.0,6.0,19.068807,-1.0,4.0,64.034189,0.0,1.0,1.0,1.0,29.908434,3.0,82.465472,-1.0,13.70663,1.0,169.319276
1149,1848895731.0,3.0,2.0,29.0,7.0,130.874119,-1.0,2.0,45.985416,1.0,0.0,0.0,0.0,141.568998,3.0,30.888713,0.0,20.285391,0.0,205.925042
1245,1848895733.0,3.0,-1.0,157.0,-1.0,2.619374,-1.0,2.0,47.804347,1.0,0.0,1.0,0.0,13.451639,3.0,95.10095,0.0,16.722068,1.0,70.391792
1166,1848895737.0,3.0,3.0,111.0,9.0,48.792652,-1.0,3.0,124.20699,1.0,-1.0,0.0,0.0,59.657901,3.0,24.893649,0.0,19.086729,0.0,95.887212
6732,1848895743.0,3.0,4.0,137.0,3.0,23.093961,-1.0,2.0,25.807439,2.0,-1.0,1.0,0.0,33.445345,3.0,7.357715,0.0,4.440255,1.0,10.844052
1049,1848895748.0,3.0,2.0,140.0,5.0,20.45188,-1.0,3.0,26.425627,2.0,0.0,-1.0,0.0,31.176326,3.0,2.735555,0.0,11.20123,1.0,193.260767
1113,1848895750.0,3.0,2.0,109.0,8.0,50.869445,-1.0,4.0,80.188289,0.0,1.0,1.0,1.0,61.752124,3.0,16.018431,0.0,18.571143,1.0,133.513309
6733,1848895756.0,2.0,4.0,136.0,3.0,24.39777,-1.0,3.0,61.331279,1.0,0.0,-1.0,0.0,35.076401,1.0,9.473131,-1.0,8.646903,-1.0,8.893065
1246,1848895761.0,3.0,2.0,10.0,-1.0,149.554791,-1.0,4.0,8.72433,1.0,-1.0,1.0,0.0,160.215535,3.0,28.248211,0.0,42.832845,1.0,126.905161
6734,1848895766.0,2.0,4.0,133.0,3.0,27.303185,-1.0,2.0,-1.0,1.0,0.0,-1.0,0.0,37.91614,3.0,75.272442,0.0,16.21559,1.0,152.075997
1175,1848895769.0,3.0,3.0,138.0,1.0,22.107175,-1.0,3.0,8.757267,2.0,-1.0,1.0,0.0,32.183257,1.0,8.775384,1.0,26.241206,1.0,78.492561
6735,1848895775.0,4.0,4.0,136.0,3.0,24.169702,-1.0,4.0,8.523692,1.0,0.0,0.0,0.0,35.153288,1.0,53.643666,0.0,11.433424,0.0,143.864336
1050,1848895781.0,3.0,2.0,142.0,5.0,18.156499,-1.0,4.0,46.83023,1.0,0.0,-1.0,0.0,28.979904,1.0,30.635653,1.0,66.120094,1.0,85.924416
1150,1848895784.0,4.0,3.0,87.0,7.0,72.96661,-1.0,-1.0,86.277978,1.0,-1.0,1.0,0.0,83.105958,3.0,1.183525,-1.0,22.08743,-1.0,104.884406
1114,1848895790.0,3.0,4.0,159.0,8.0,0.812658,-1.0,4.0,27.360951,2.0,0.0,1.0,0.0,10.943467,3.0,-1.0,0.0,3.156007,1.0,81.517346
1151,1848895794.0,2.0,2.0,23.0,7.0,136.971688,-1.0,4.0,12.266741,2.0,0.0,1.0,0.0,147.942391,3.0,39.98368,0.0,23.74276,1.0,193.957178
6736,1848895796.0,4.0,3.0,70.0,3.0,90.373531,-1.0,4.0,117.496785,0.0,1.0,-1.0,1.0,100.408568,-1.0,21.805713,1.0,78.885472,-1.0,99.434827
1167,1848895801.0,2.0,4.0,82.0,9.0,77.516075,-1.0,4.0,126.308969,1.0,0.0,1.0,0.0,88.325023,3.0,66.476274,-1.0,0.848894,1.0,62.800209
1074,1848895805.0,2.0,2.0,143.0,4.0,16.919417,-1.0,3.0,37.544253,1.0,0.0,0.0,0.0,27.913661,4.0,2.531582,1.0,16.024679,0.0,165.864835
1152,1848895810.0,3.0,3.0,85.0,7.0,74.988508,-1.0,2.0,12.299963,2.0,0.0,1.0,0.0,85.601467,2.0,45.622219,0.0,21.816912,1.0,115.069378
1093,1848895815.0,3.0,3.0,107.0,0.0,52.787278,-1.0,4.0,45.774996,1.0,0.0,1.0,0.0,63.547634,3.0,13.349289,0.0,48.122728,1.0,38.853255
6737,1848895820.0,2.0,3.0,96.0,3.0,64.045192,-1.0,4.0,16.167669,2.0,0.0,1.0,0.0,75.013362,1.0,157.863179,0.0,63.768966,1.0,186.533321
1075,1848895826.0,4.0,4.0,160.0,4.0,0.116046,-1.0,4.0,20.395141,1.0,0.0,-1.0,0.0,10.878354,3.0,15.355674,1.0,26.783136,1.0,152.904819
1094,1848895831.0,4.0,4.0,138.0,0.0,21.901521,-1.0,3.0,92.151486,0.0,1.0,1.0,1.0,32.336498,2.0,25.904977,0.0,49.910095,1.0,103.175754
1051,1848895833.0,3.0,2.0,73.0,5.0,87.424847,-1.0,2.0,-1.0,2.0,0.0,1.0,0.0,98.272828,4.0,39.820367,0.0,23.453043,-1.0,59.237534
6738,1848895839.0,2.0,2.0,110.0,3.0,50.021254,-1.0,4.0,29.454622,1.0,-1.0,1.0,0.0,60.862533,4.0,95.351928,0.0,36.12114,1.0,137.046257
6739,1848895843.0,3.0,2.0,141.0,3.0,19.086802,-1.0,4.0,40.601885,1.0,0.0,1.0,0.0,29.143636,4.0,43.387588,1.0,4.666229,1.0,194.570931
1145,1848895847.0,2.0,3.0,45.0,2.0,115.251493,-1.0,3.0,122.532654,1.0,0.0,-1.0,0.0,126.119457,-1.0,3.605477,0.0,61.718894,1.0,91.416135
6740,1848895850.0,2.0,3.0,74.0,3.0,85.635982,-1.0,2.0,38.498155,1.0,0.0,1.0,0.0,95.97135,1.0,23.078314,1.0,29.064948,1.0,37.439375
6741,1848895854.0,2.0,4.0,128.0,3.0,32.346528,-1.0,2.0,24.545775,1.0,0.0,1.0,0.0,43.006201,3.0,53.712536,0.0,56.403721,1.0,52.847673
1247,1848895859.0,2.0,3.0,132.0,-1.0,27.997398,-1.0,2.0,52.170872,1.0,0.0,1.0,0.0,38.58006,1.0,30.272679,0.0,25.4066,1.0,92.12936
1146,1848895863.0,4.0,3.0,98.0,2.0,61.650242,-1.0,3.0,21.779867,2.0,-1.0,1.0,0.0,72.477431,3.0,71.600958,1.0,40.719102,1.0,89.845774
6742,1848895868.0,3.0,4.0,119.0,3.0,41.446484,-1.0,4.0,53.919059,2.0,0.0,-1.0,0.0,51.623765,1.0,-1.0,1.0,39.13775,1.0,35.925186
6743,1848895874.0,3.0,-1.0,151.0,3.0,9.000513,-1.0,4.0,52.2966,1.0,0.0,1.0,0.0,19.459144,3.0,38.242582,0.0,8.423463,1.0,76.203409
1153,1848895880.0,3.0,3.0,139.0,7.0,20.969699,-1.0,4.0,-1.0,1.0,0.0,1.0,0.0,31.071052,3.0,107.670956,0.0,34.131584,1.0,22.286471
1115,1848895886.0,2.0,3.0,45.0,8.0,114.608967,-1.0,4.0,6.842055,1.0,0.0,1.0,0.0,124.903995,3.0,50.404503,0.0,87.389065,1.0,124.299866
1168,1848895889.0,4.0,4.0,152.0,9.0,7.889831,-1.0,4.0,84.335312,2.0,0.0,1.0,0.0,18.365612,4.0,49.599769,0.0,27.023172,1.0,40.288498
1095,1848895894.0,2.0,3.0,147.0,0.0,12.872356,-1.0,4.0,74.809927,1.0,0.0,1.0,0.0,23.511112,2.0,1.898772,0.0,11.108905,1.0,27.209733
1169,1848895896.0,3.0,2.0,74.0,9.0,-1.0,-1.0,2.0,-1.0,1.0,0.0,1.0,0.0,-1.0,3.0,-1.0,0.0,37.748899,1.0,-1.0
1143,1848895899.0,3.0,2.0,131.0,6.0,29.1499,-1.0,3.0,18.298428,1.0,0.0,1.0,0.0,39.774967,3.0,14.898626,0.0,18.308179,1.0,48.747017
6744,1848895904.0,4.0,3.0,150.0,3.0,10.115337,-1.0,-1.0,82.731771,1.0,0.0,0.0,0.0,20.410906,3.0,14.633331,0.0,14.180105,0.0,6.271574
1154,1848895910.0,-1.0,3.0,72.0,7.0,88.306746,-1.0,2.0,50.841694,2.0,0.0,0.0,0.0,99.162924,-1.0,22.937114,0.0,36.39029,0.0,25.839205
1176,1848895914.0,2.0,3.0,128.0,1.0,31.532312,-1.0,4.0,105.113185,1.0,0.0,-1.0,0.0,42.389602,3.0,83.286012,0.0,1.732686,-1.0,133.433011
1147,1848895919.0,3.0,2.0,87.0,2.0,73.412832,-1.0,4.0,114.834199,2.0,0.0,1.0,0.0,83.532301,4.0,122.639486,0.0,42.803561,1.0,106.915415
6745,1848895922.0,4.0,3.0,156.0,3.0,4.410682,-1.0,4.0,62.892314,1.0,0.0,1.0,0.0,14.911316,3.0,17.83759,0.0,5.290576,-1.0,221.90591
1052,1848895928.0,2.0,-1.0,112.0,5.0,48.338757,-1.0,2.0,36.512979,2.0,0.0,-1.0,0.0,59.214699,-1.0,0.52932,0.0,4.64512,1.0,75.229802
6746,1848895933.0,2.0,-1.0,159.0,3.0,1.313453,-1.0,4.0,41.390551,1.0,0.0,1.0,0.0,12.310386,-1.0,26.509007,0.0,26.224631,1.0,54.016947
1076,1848895939.0,2.0,3.0,128.0,4.0,31.563332,-1.0,4.0,-1.0,0.0,1.0,0.0,1.0,42.361057,1.0,139.531398,1.0,1.432651,0.0,207.476278
1248,1848895942.0,2.0,4.0,68.0,-1.0,92.177944,-1.0,4.0,39.373811,1.0,0.0,-1.0,0.0,102.378513,4.0,8.972846,0.0,6.093833,1.0,67.973048
6747,1848895948.0,3.0,3.0,114.0,3.0,45.754194,-1.0,3.0,23.7899,1.0,0.0,-1.0,0.0,56.504243,1.0,75.297489,0.0,23.613019,1.0,79.146744
6748,1848895954.0,2.0,3.0,122.0,3.0,37.738465,-1.0,2.0,9.854809,1.0,0.0,-1.0,0.0,48.281827,1.0,10.787865,1.0,57.441876,1.0,218.06225
1077,1848895960.0,2.0,2.0,128.0,4.0,31.640353,-1.0,3.0,8.20524,2.0,0.0,1.0,0.0,42.506881,3.0,-1.0,0.0,2.690367,1.0,65.414646
6749,1848895963.0,3.0,4.0,141.0,3.0,19.278955,-1.0,4.0,65.628095,1.0,0.0,-1.0,0.0,29.930474,3.0,48.141907,0.0,2.630999,1.0,12.99831
1249,1848895966.0,2.0,3.0,104.0,-1.0,56.447438,-1.0,3.0,41.216848,1.0,0.0,1.0,0.0,67.399118,3.0,46.602648,0.0,12.064448,1.0,124.82043
6750,1848895970.0,2.0,4.0,129.0,3.0,30.914529,-1.0,3.0,6.676777,1.0,0.0,1.0,0.0,41.632832,3.0,9.500613,-1.0,51.661361,1.0,87.931215
6751,1848895973.0,3.0,2.0,141.0,3.0,19.283418,-1.0,-1.0,3.007761,1.0,0.0,0.0,0.0,29.972325,3.0,-1.0,1.0,33.674787,0.0,141.425177
6752,1848895978.0,3.0,4.0,78.0,3.0,82.22472,-1.0,2.0,17.488254,1.0,0.0,-1.0,0.0,93.057108,1.0,16.902756,0.0,6.289927,-1.0,122.198141
1170,1848895982.0,2.0,2.0,158.0,9.0,2.470904,-1.0,3.0,3.814291,1.0,0.0,-1.0,0.0,12.918574,2.0,80.781758,-1.0,7.39902,1.0,89.957711
1116,1848895987.0,3.0,2.0,102.0,8.0,58.267675,-1.0,3.0,13.674493,1.0,0.0,1.0,0.0,68.322365,2.0,53.336956,0.0,20.328092,1.0,110.631536
1144,1848895991.0,4.0,3.0,152.0,6.0,7.594489,-1.0,3.0,113.455273,1.0,-1.0,1.0,0.0,17.631189,1.0,39.188436,0.0,67.953948,1.0,76.748493
1177,1848895997.0,3.0,4.0,95.0,1.0,64.834481,-1.0,2.0,4.807239,2.0,0.0,1.0,0.0,74.871393,3.0,54.252159,0.0,53.414415,1.0,121.584693
6753,1848896003.0,3.0,3.0,146.0,3.0,14.441359,-1.0,4.0,14.893109,2.0,0.0,-1.0,0.0,25.173995,3.0,-1.0,0.0,71.785268,1.0,265.242279
1053,1848896009.0,3.0,3.0,155.0,5.0,5.341911,-1.0,-1.0,86.757281,1.0,0.0,1.0,0.0,15.619608,3.0,38.460309,0.0,45.608058,1.0,84.579026
1117,1848896011.0,3.0,3.0,116.0,8.0,43.944257,-1.0,3.0,52.180115,0.0,1.0,-1.0,1.0,53.950183,2.0,38.8674,0.0,26.317071,1.0,111.928488
1155,1848896015.0,2.0,2.0,39.0,7.0,121.254109,-1.0,4.0,59.618851,1.0,0.0,1.0,0.0,131.581842,3.0,84.385678,0.0,7.380024,1.0,191.367159
1078,1848896021.0,3.0,3.0,138.0,4.0,21.929573,-1.0,2.0,28.484625,2.0,-1.0,1.0,0.0,32.788413,1.0,107.610598,0.0,24.382375,1.0,3.476486
6754,1848896027.0,2.0,3.0,120.0,3.0,39.746024,-1.0,3.0,2.447265,1.0,0.0,1.0,0.0,50.068475,2.0,43.118574,1.0,63.405738,-1.0,73.702726
1171,1848896033.0,4.0,4.0,136.0,9.0,24.155741,-1.0,4.0,53.90227,1.0,0.0,1.0,0.0,34.882898,3.0,28.276314,0.0,42.92136,1.0,199.931692
6755,1848896037.0,2.0,2.0,159.0,3.0,1.404454,-1.0,2.0,6.729572,1.0,0.0,-1.0,0.0,11.724362,2.0,-1.0,-1.0,38.052059,1.0,181.14638
1250,1848896041.0,2.0,2.0,100.0,-1.0,60.088407,-1.0,2.0,3.88571,1.0,0.0,-1.0,0.0,70.693799,3.0,52.162723,0.0,30.494365,1.0,14.89672
1156,1848896045.0,4.0,2.0,39.0,7.0,120.764156,-1.0,3.0,58.426713,1.0,0.0,0.0,0.0,131.632727,3.0,21.887058,0.0,81.561961,0.0,188.840784
1118,1848896047.0,2.0,2.0,106.0,8.0,53.509404,-1.0,3.0,20.506495,1.0,0.0,1.0,0.0,64.504228,3.0,-1.0,0.0,78.574142,1.0,4.679671
1054,1848896050.0,-1.0,2.0,155.0,5.0,4.731422,-1.0,-1.0,27.341598,1.0,0.0,1.0,0.0,15.325743,4.0,-1.0,0.0,3.366207,1.0,36.590898
1178,1848896055.0,2.0,2.0,86.0,1.0,73.906653,-1.0,-1.0,71.67828,2.0,0.0,-1.0,0.0,84.20239,3.0,54.862037,0.0,19.394088,1.0,287.878282
1055,1848896061.0,4.0,3.0,48.0,5.0,112.402064,-1.0,3.0,1.193616,1.0,0.0,0.0,0.0,122.897313,1.0,45.571269,0.0,6.824563,0.0,135.168739
1157,1848896066.0,3.0,3.0,103.0,7.0,57.100558,-1.0,-1.0,35.947121,1.0,-1.0,1.0,0.0,67.604347,3.0,9.898991,0.0,77.043509,1.0,106.577549
1251,1848896071.0,4.0,3.0,48.0,-1.0,112.364147,-1.0,3.0,73.066321,0.0,1.0,1.0,1.0,123.316243,3.0,-1.0,1.0,64.650737,1.0,151.253908
6756,1848896074.0,4.0,4.0,155.0,3.0,4.88875,-1.0,3.0,29.644496,1.0,0.0,1.0,0.0,14.961746,-1.0,1.765504,0.0,18.590895,-1.0,84.661629
1179,1848896077.0,2.0,2.0,57.0,1.0,103.378276,-1.0,4.0,137.166342,1.0,0.0,1.0,0.0,114.093708,3.0,25.755228,1.0,42.106925,1.0,9.891841
1148,1848896079.0,4.0,2.0,131.0,2.0,29.412894,-1.0,3.0,71.763266,0.0,1.0,1.0,1.0,40.330781,3.0,38.656939,0.0,89.824218,-1.0,162.069353
1056,1848896083.0,2.0,3.0,135.0,5.0,25.21737,-1.0,4.0,130.69352,1.0,0.0,1.0,0.0,36.044922,2.0,85.951533,1.0,16.029378,1.0,215.609511
1180,1848896089.0,2.0,3.0,74.0,1.0,-1.0,-1.0,3.0,45.278125,2.0,0.0,1.0,0.0,-1.0,1.0,33.086252,0.0,19.729938,1.0,48.875328
1252,1848896093.0,2.0,3.0,144.0,-1.0,16.304758,-1.0,-1.0,-1.0,2.0,0.0,1.0,0.0,26.396758,3.0,1.379518,0.0,2.62483,1.0,29.736281
1172,1848896099.0,2.0,3.0,113.0,9.0,47.26707,-1.0,4.0,67.38011,1.0,0.0,-1.0,0.0,58.201648,1.0,6.705035,0.0,10.806802,1.0,178.318815
1253,1848896105.0,4.0,3.0,155.0,-1.0,5.113331,-1.0,4.0,54.835115,1.0,0.0,0.0,0.0,15.865925,4.0,69.111866,0.0,70.25027,0.0,74.638134
1181,1848896108.0,-1.0,3.0,150.0,1.0,10.382231,-1.0,4.0,-1.0,1.0,0.0,1.0,0.0,20.948595,1.0,28.073937,0.0,10.523503,1.0,129.658611
6757,1848896110.0,2.0,3.0,74.0,3.0,-1.0,-1.0,4.0,37.343673,2.0,0.0,-1.0,0.0,-1.0,2.0,65.682305,0.0,49.856995,1.0,173.922659
6758,1848896114.0,3.0,2.0,159.0,3.0,1.060786,-1.0,-1.0,24.422361,1.0,0.0,1.0,0.0,11.752676,3.0,80.296808,0.0,7.681564,1.0,46.475686
1119,1848896117.0,4.0,3.0,111.0,8.0,48.848254,-1.0,3.0,-1.0,0.0,1.0,-1.0,1.0,58.926392,4.0,20.744912,0.0,48.898534,1.0,25.802638
6759,1848896120.0,4.0,4.0,148.0,3.0,11.927714,-1.0,3.0,25.203176,2.0,0.0,1.0,0.0,22.498791,-1.0,9.623598,0.0,10.944953,1.0,18.421833
6760,1848896122.0,2.0,2.0,155.0,3.0,5.009398,-1.0,-1.0,102.922906,1.0,0.0,1.0,0.0,15.611041,-1.0,62.499946,0.0,86.886877,1.0,111.810859
1057,1848896124.0,4.0,4.0,139.0,5.0,21.414289,-1.0,4.0,34.847699,1.0,0.0,1.0,0.0,31.470285,2.0,6.881021,0.0,37.608887,1.0,68.070963
6761,1848896126.0,-1.0,2.0,76.0,3.0,84.386724,-1.0,4.0,55.254443,1.0,0.0,1.0,0.0,95.243353,3.0,26.843551,0.0,40.490369,1.0,190.503204
1145,1848896132.0,4.0,4.0,93.0,6.0,67.068791,-1.0,3.0,-1.0,2.0,-1.0,-1.0,0.0,77.295855,4.0,-1.0,0.0,9.926805,1.0,166.783198
6762,1848896135.0,2.0,3.0,80.0,3.0,79.650011,-1.0,4.0,27.713031,2.0,0.0,-1.0,0.0,90.352006,4.0,23.454862,0.0,71.035923,1.0,59.252465
1079,1848896137.0,2.0,4.0,141.0,4.0,19.355814,-1.0,4.0,94.107822,1.0,0.0,1.0,0.0,29.441265,4.0,-1.0,0.0,71.816313,1.0,93.344895
1173,1848896140.0,3.0,2.0,70.0,9.0,89.573543,-1.0,-1.0,5.327494,2.0,0.0,1.0,0.0,100.075056,4.0,11.577512,1.0,13.190586,1.0,43.357101
6763,1848896143.0,2.0,2.0,88.0,3.0,72.367699,-1.0,2.0,46.248775,2.0,0.0,1.0,0.0,82.735189,3.0,86.91373,0.0,32.261117,1.0,215.244305
1058,1848896148.0,3.0,3.0,38.0,5.0,121.577785,-1.0,2.0,14.169812,1.0,0.0,-1.0,0.0,132.232486,3.0,15.074179,1.0,15.90676,1.0,-1.0
1182,1848896151.0,4.0,3.0,152.0,1.0,7.725081,-1.0,2.0,74.783759,1.0,0.0,1.0,0.0,18.264066,3.0,-1.0,1.0,67.931192,1.0,52.422261
1183,1848896157.0,3.0,3.0,102.0,1.0,58.414212,-1.0,4.0,80.42629,1.0,0.0,1.0,0.0,68.657963,2.0,21.460341,0.0,45.257003,1.0,37.936653
6764,1848896159.0,2.0,4.0,151.0,3.0,9.042914,-1.0,2.0,46.063272,1.0,-1.0,-1.0,0.0,19.633432,3.0,38.525628,1.0,19.645446,1.0,77.631708
6765,1848896161.0,4.0,4.0,148.0,3.0,12.40455,-1.0,2.0,-1.0,1.0,0.0,1.0,0.0,23.288243,3.0,2.247671,0.0,31.017882,1.0,142.951543
6766,1848896163.0,3.0,3.0,119.0,3.0,40.876624,-1.0,4.0,13.049352,1.0,0.0,-1.0,0.0,51.122774,3.0,127.45392,0.0,8.645686,1.0,159.748672
1158,1848896169.0,4.0,3.0,157.0,7.0,2.922735,-1.0,4.0,109.464789,1.0,0.0,-1.0,0.0,13.354207,4.0,2.363,0.0,24.817594,1.0,105.533354
6767,1848896174.0,2.0,2.0,100.0,3.0,59.561161,-1.0,2.0,48.857529,2.0,0.0,-1.0,0.0,70.146171,-1.0,12.0358,0.0,25.441764,1.0,144.298566
1120,1848896176.0,4.0,2.0,131.0,8.0,28.885034,-1.0,2.0,35.58229,2.0,-1.0,1.0,0.0,39.786479,3.0,18.256969,0.0,42.668388,-1.0,74.213572
1146,1848896179.0,4.0,2.0,74.0,6.0,-1.0,-1.0,2.0,19.375653,2.0,0.0,1.0,0.0,-1.0,3.0,15.226701,1.0,8.521166,1.0,204.426066
1149,1848896182.0,2.0,4.0,103.0,2.0,56.74744,-1.0,4.0,66.363262,2.0,0.0,0.0,0.0,67.408352,3.0,97.70449,1.0,27.465912,0.0,36.591664
1184,1848896187.0,2.0,4.0,129.0,1.0,31.468376,-1.0,2.0,8.896302,2.0,0.0,0.0,0.0,41.571885,4.0,110.333842,0.0,66.180735,0.0,31.926708
1174,1848896190.0,-1.0,4.0,88.0,9.0,71.590542,-1.0,4.0,43.543712,2.0,0.0,1.0,0.0,82.102567,1.0,93.909344,0.0,21.468438,1.0,2.070325
1059,1848896195.0,-1.0,3.0,117.0,5.0,43.158264,-1.0,3.0,-1.0,1.0,0.0,0.0,0.0,53.394615,3.0,3.716548,1.0,18.416956,0.0,82.728931
1060,1848896198.0,3.0,2.0,156.0,5.0,3.573816,-1.0,2.0,17.242399,2.0,0.0,-1.0,0.0,14.240901,1.0,29.23913,0.0,4.432066,1.0,51.864289
6768,1848896203.0,3.0,3.0,145.0,3.0,15.347832,-1.0,2.0,-1.0,1.0,0.0,-1.0,0.0,26.112251,4.0,-1.0,0.0,52.356687,1.0,11.687801
6769,1848896205.0,3.0,3.0,95.0,3.0,64.975414,-1.0,3.0,2.35296,1.0,0.0,-1.0,0.0,75.909,1.0,131.698182,0.0,54.788499,1.0,11.536513
1254,1848896208.0,3.0,2.0,113.0,-1.0,47.465148,-1.0,4.0,30.289972,1.0,0.0,1.0,0.0,57.667301,3.0,11.607878,0.0,81.118904,1.0,103.412829
1159,1848896214.0,3.0,3.0,80.0,7.0,80.016863,-1.0,3.0,-1.0,1.0,0.0,0.0,0.0,90.956043,1.0,101.20151,0.0,14.535487,0.0,143.327293
1147,1848896218.0,3.0,2.0,11.0,6.0,148.76066,-1.0,2.0,4.200943,2.0,0.0,1.0,0.0,158.907144,4.0,20.903196,1.0,5.908005,1.0,118.093048
1148,1848896222.0,2.0,2.0,151.0,6.0,8.850517,-1.0,4.0,66.699569,1.0,0.0,1.0,0.0,19.453076,-1.0,105.267803,0.0,8.314246,1.0,174.108342
6770,1848896224.0,3.0,3.0,112.0,3.0,48.149419,-1.0,2.0,21.710522,2.0,0.0,1.0,0.0,59.141521,4.0,44.038365,1.0,51.483179,1.0,94.898445
1149,1848896229.0,2.0,4.0,149.0,6.0,11.167389,-1.0,3.0,64.144484,1.0,0.0,1.0,0.0,21.754252,4.0,44.612654,1.0,44.798639,1.0,101.848849
1160,1848896231.0,2.0,2.0,129.0,7.0,30.682195,-1.0,4.0,59.12211,1.0,0.0,-1.0,0.0,41.464131,3.0,74.194126,0.0,17.507266,1.0,44.137912
1255,1848896236.0,2.0,2.0,159.0,-1.0,0.542797,-1.0,4.0,78.585107,1.0,0.0,-1.0,0.0,10.577694,3.0,6.216727,0.0,3.360745,0.0,111.156863
6771,1848896239.0,4.0,2.0,157.0,3.0,3.424811,-1.0,3.0,64.022063,1.0,0.0,-1.0,0.0,14.060952,1.0,6.724191,0.0,20.725587,1.0,101.629495
6772,1848896245.0,2.0,3.0,143.0,3.0,16.549604,-1.0,4.0,26.62255,2.0,0.0,1.0,0.0,27.131166,4.0,26.254925,0.0,21.432851,1.0,-1.0
1150,1848896250.0,3.0,2.0,142.0,2.0,17.962839,-1.0,3.0,22.499516,1.0,0.0,-1.0,0.0,28.187228,-1.0,21.37862,0.0,49.093588,1.0,27.35113
6773,1848896255.0,2.0,2.0,139.0,3.0,21.018263,-1.0,4.0,49.252525,0.0,1.0,1.0,1.0,31.618358,3.0,9.999979,1.0,0.814495,-1.0,242.932009
6774,1848896257.0,2.0,3.0,145.0,3.0,14.791321,-1.0,2.0,17.576754,1.0,0.0,1.0,0.0,24.852597,3.0,62.560424,0.0,32.53085,1.0,46.874644
1150,1848896262.0,3.0,4.0,74.0,6.0,-1.0,-1.0,2.0,-1.0,0.0,1.0,1.0,1.0,-1.0,2.0,-1.0,0.0,13.764484,1.0,157.397888
1256,1848896264.0,2.0,4.0,126.0,-1.0,34.184293,-1.0,2.0,1.145507,1.0,0.0,1.0,0.0,44.715849,3.0,51.437827,0.0,22.513227,1.0,115.598895
1151,1848896270.0,4.0,2.0,54.0,2.0,106.110064,-1.0,2.0,3.73348,1.0,0.0,-1.0,0.0,116.124674,3.0,24.180977,0.0,35.31741,1.0,200.055158
6775,1848896272.0,3.0,3.0,66.0,3.0,93.651483,-1.0,3.0,86.5418,1.0,0.0,-1.0,0.0,103.787716,3.0,5.814447,0.0,20.041314,1.0,85.154383
6776,1848896278.0,2.0,4.0,85.0,3.0,74.556948,-1.0,2.0,13.097704,1.0,-1.0,1.0,0.0,84.921189,2.0,6.264032,0.0,38.646324,1.0,83.978245
1161,1848896283.0,4.0,2.0,117.0,7.0,43.123418,-1.0,3.0,8.042844,2.0,0.0,1.0,0.0,53.280384,3.0,111.491267,1.0,13.697753,1.0,12.366233
6777,1848896285.0,2.0,2.0,74.0,3.0,-1.0,-1.0,4.0,35.437804,0.0,1.0,0.0,1.0,-1.0,3.0,66.201763,0.0,48.162713,0.0,70.079293
1257,1848896288.0,4.0,2.0,122.0,-1.0,37.785938,-1.0,4.0,4.880917,1.0,-1.0,1.0,0.0,48.551751,2.0,117.64125,0.0,41.965654,-1.0,26.219648
1258,1848896290.0,2.0,2.0,150.0,-1.0,9.753888,-1.0,-1.0,14.991203,1.0,0.0,1.0,0.0,20.636546,2.0,113.314007,1.0,20.010904,1.0,47.931107
6778,1848896296.0,3.0,-1.0,143.0,3.0,17.29047,-1.0,4.0,101.126718,1.0,-1.0,1.0,0.0,28.079853,2.0,1.607983,0.0,38.722294,1.0,18.98224
6779,1848896300.0,3.0,4.0,154.0,3.0,5.751742,-1.0,3.0,94.542713,1.0,0.0,1.0,0.0,16.0088,4.0,100.300378,0.0,29.180232,1.0,154.222537
1175,1848896305.0,3.0,3.0,134.0,9.0,25.712397,-1.0,-1.0,44.358116,2.0,0.0,1.0,0.0,35.84583,3.0,115.209973,0.0,65.486016,1.0,-1.0
1185,1848896311.0,2.0,4.0,106.0,1.0,53.780195,-1.0,4.0,69.562885,1.0,0.0,0.0,0.0,64.245624,4.0,20.584918,0.0,42.440876,0.0,114.583362
6780,1848896316.0,3.0,3.0,127.0,3.0,33.033963,-1.0,3.0,10.40956,1.0,0.0,-1.0,0.0,43.730826,3.0,129.51491,0.0,56.478627,1.0,75.18372
1162,1848896322.0,3.0,4.0,118.0,7.0,41.980543,-1.0,4.0,60.786189,1.0,0.0,1.0,0.0,52.468095,3.0,-1.0,1.0,34.327198,-1.0,159.398141
1096,1848896324.0,4.0,2.0,43.0,0.0,117.182437,-1.0,2.0,95.360739,1.0,-1.0,1.0,0.0,127.24091,2.0,59.903111,0.0,8.874077,1.0,52.591886
1151,1848896330.0,3.0,2.0,158.0,6.0,1.783043,-1.0,3.0,25.340699,1.0,0.0,1.0,0.0,12.46895,-1.0,31.839294,0.0,27.278114,1.0,98.895245
1152,1848896333.0,3.0,3.0,80.0,6.0,79.685527,-1.0,4.0,27.112551,1.0,0.0,1.0,0.0,89.951219,-1.0,8.600861,0.0,29.315663,1.0,135.549979
1152,1848896335.0,3.0,-1.0,132.0,2.0,27.989855,-1.0,2.0,15.948589,2.0,0.0,1.0,0.0,38.329839,3.0,37.794979,0.0,65.085328,1.0,35.930367
1186,1848896338.0,2.0,2.0,22.0,1.0,137.794829,-1.0,3.0,25.567722,2.0,0.0,1.0,0.0,148.356456,1.0,36.92878,-1.0,19.634786,1.0,169.286229
1061,1848896342.0,-1.0,4.0,123.0,5.0,36.550371,-1.0,2.0,17.840421,1.0,0.0,-1.0,0.0,46.791318,-1.0,62.460348,0.0,40.381672,0.0,56.17357
1163,1848896344.0,2.0,4.0,143.0,7.0,17.262423,-1.0,4.0,41.307609,1.0,0.0,1.0,0.0,28.112749,3.0,-1.0,0.0,23.299955,1.0,100.006917
1176,1848896349.0,-1.0,4.0,124.0,9.0,35.702671,-1.0,4.0,95.043568,1.0,0.0,1.0,0.0,46.668828,4.0,2.081058,1.0,17.732171,1.0,32.176278
1259,1848896355.0,3.0,2.0,134.0,-1.0,26.451222,-1.0,3.0,66.532498,1.0,0.0,1.0,0.0,36.955175,4.0,17.252165,-1.0,44.865461,1.0,65.429005
6781,1848896358.0,3.0,3.0,140.0,3.0,19.788838,-1.0,3.0,30.655475,1.0,0.0,-1.0,0.0,29.80648,3.0,35.303999,0.0,15.876549,0.0,113.72735
6782,1848896360.0,-1.0,3.0,156.0,3.0,4.12051,-1.0,2.0,29.028292,2.0,0.0,1.0,0.0,15.099438,3.0,61.599706,0.0,12.18599,1.0,176.439435
1080,1848896364.0,3.0,2.0,92.0,4.0,68.160393,-1.0,3.0,18.839325,0.0,1.0,-1.0,1.0,78.197223,3.0,77.941205,-1.0,63.372749,1.0,70.864263
1062,1848896366.0,2.0,3.0,150.0,5.0,9.507715,-1.0,3.0,57.775355,1.0,0.0,1.0,0.0,20.468833,1.0,58.458428,0.0,6.221609,1.0,197.590969
1187,1848896371.0,3.0,4.0,148.0,1.0,11.783338,-1.0,4.0,10.835484,1.0,0.0,1.0,0.0,22.468269,3.0,25.914671,0.0,14.279266,1.0,141.22151
1121,1848896377.0,-1.0,4.0,158.0,8.0,1.66322,-1.0,3.0,18.475472,0.0,1.0,1.0,1.0,12.470671,3.0,82.23872,-1.0,41.5705,1.0,84.290646
1153,1848896379.0,4.0,2.0,73.0,2.0,87.192116,-1.0,4.0,18.305453,1.0,0.0,-1.0,0.0,97.337216,3.0,19.80306,1.0,16.259685,1.0,95.338297
1081,1848896381.0,2.0,4.0,23.0,4.0,137.118075,-1.0,2.0,79.866027,1.0,0.0,1.0,0.0,147.388219,3.0,57.428496,1.0,53.641074,1.0,150.129129
6783,1848896386.0,2.0,4.0,120.0,3.0,39.979757,-1.0,2.0,0.867239,2.0,0.0,1.0,0.0,50.91057,3.0,9.020397,0.0,81.03614,1.0,48.627848
1164,1848896388.0,2.0,4.0,136.0,7.0,24.159634,-1.0,4.0,-1.0,1.0,-1.0,1.0,0.0,34.32889,-1.0,26.574038,1.0,3.492067,1.0,167.032323
1153,1848896392.0,-1.0,4.0,122.0,6.0,37.762144,-1.0,2.0,131.415492,1.0,0.0,1.0,0.0,48.681068,3.0,53.485522,1.0,19.652859,1.0,43.132291
6784,1848896394.0,2.0,4.0,74.0,3.0,-1.0,-1.0,-1.0,-1.0,1.0,0.0,-1.0,0.0,-1.0,3.0,15.155189,0.0,31.253603,1.0,45.479044
6785,1848896397.0,4.0,-1.0,67.0,3.0,92.674482,-1.0,2.0,14.849227,2.0,0.0,1.0,0.0,103.163892,3.0,12.005455,0.0,71.923067,1.0,3.583888
1260,1848896401.0,3.0,3.0,158.0,-1.0,1.503575,-1.0,3.0,7.023114,1.0,0.0,1.0,0.0,12.392211,2.0,36.939605,0.0,5.645965,-1.0,10.883696
6786,1848896406.0,3.0,3.0,114.0,3.0,46.198268,-1.0,4.0,20.022585,1.0,0.0,1.0,0.0,56.355613,3.0,80.411983,1.0,8.285116,1.0,115.278605
6787,1848896408.0,4.0,3.0,141.0,3.0,18.80137,-1.0,2.0,24.46891,1.0,0.0,1.0,0.0,29.106345,3.0,123.868073,0.0,5.514566,1.0,17.94375
1177,1848896411.0,4.0,3.0,14.0,9.0,146.421196,-1.0,3.0,29.666859,1.0,-1.0,1.0,0.0,156.979877,2.0,19.123003,0.0,56.536048,1.0,68.41247
6788,1848896417.0,2.0,3.0,28.0,3.0,132.074129,-1.0,4.0,15.192479,1.0,0.0,-1.0,0.0,142.787738,3.0,-1.0,0.0,10.786903,1.0,188.843607
6789,1848896419.0,2.0,2.0,120.0,3.0,40.068132,-1.0,4.0,-1.0,1.0,0.0,1.0,0.0,50.619036,3.0,81.123699,0.0,49.310262,1.0,93.836885
6790,1848896425.0,3.0,2.0,74.0,3.0,86.144891,-1.0,4.0,8.818799,1.0,0.0,0.0,0.0,96.356922,2.0,95.917606,0.0,26.523969,0.0,153.867258
1178,1848896430.0,4.0,4.0,91.0,9.0,68.706351,-1.0,4.0,90.770991,1.0,0.0,1.0,0.0,79.703081,3.0,46.92251,-1.0,30.352522,-1.0,158.466503
1188,1848896435.0,4.0,2.0,151.0,1.0,9.229856,-1.0,4.0,60.67987,1.0,0.0,1.0,0.0,19.632804,1.0,34.93065,0.0,31.655729,1.0,11.03486
1165,1848896437.0,4.0,3.0,141.0,7.0,18.527541,-1.0,3.0,72.040871,1.0,-1.0,-1.0,0.0,29.423495,1.0,16.269509,0.0,8.08257,-1.0,47.710285
6791,1848896439.0,2.0,2.0,74.0,3.0,-1.0,-1.0,2.0,83.119157,1.0,0.0,1.0,0.0,-1.0,1.0,67.042027,0.0,15.991609,-1.0,62.075562
6792,1848896441.0,4.0,3.0,99.0,3.0,61.37822,-1.0,2.0,38.798047,2.0,0.0,1.0,0.0,71.764979,4.0,41.03984,1.0,34.647908,1.0,103.857087
1063,1848896446.0,-1.0,2.0,134.0,5.0,26.183111,-1.0,-1.0,41.860585,1.0,0.0,1.0,0.0,36.95892,3.0,44.857039,0.0,13.230322,1.0,91.703491
6793,1848896448.0,2.0,3.0,158.0,3.0,1.697168,-1.0,2.0,-1.0,0.0,1.0,1.0,1.0,12.248983,3.0,107.25255,0.0,13.917438,1.0,222.36563
1122,1848896451.0,3.0,4.0,146.0,8.0,13.898459,-1.0,2.0,13.46067,1.0,0.0,1.0,0.0,24.05593,1.0,9.398752,1.0,7.528877,1.0,147.217828
1154,1848896455.0,3.0,2.0,146.0,2.0,13.635464,-1.0,3.0,90.049438,1.0,0.0,1.0,0.0,24.042638,-1.0,17.080785,0.0,12.193894,1.0,27.306501
1179,1848896459.0,-1.0,4.0,144.0,9.0,16.090973,-1.0,2.0,97.827816,2.0,0.0,1.0,0.0,27.033707,1.0,50.930336,-1.0,28.190174,1.0,162.218207
1261,1848896464.0,3.0,4.0,137.0,-1.0,22.675908,-1.0,3.0,23.679969,1.0,0.0,1.0,0.0,32.938116,4.0,122.17132,1.0,7.623188,1.0,54.858425
6794,1848896466.0,4.0,2.0,140.0,3.0,19.837218,-1.0,4.0,29.802254,1.0,0.0,0.0,0.0,30.249107,1.0,50.470776,0.0,10.292391,0.0,80.897349
6795,1848896470.0,3.0,4.0,134.0,3.0,25.9423,-1.0,-1.0,92.36987,1.0,0.0,-1.0,0.0,36.837461,-1.0,32.046708,0.0,65.091851,-1.0,100.263
6796,1848896475.0,2.0,2.0,128.0,3.0,32.098025,-1.0,4.0,20.411454,2.0,-1.0,1.0,0.0,42.247135,3.0,-1.0,0.0,24.388692,1.0,59.688837
1155,1848896481.0,2.0,3.0,79.0,2.0,80.783417,-1.0,2.0,15.082827,0.0,1.0,-1.0,1.0,91.696418,1.0,10.065006,-1.0,5.160845,-1.0,145.467923
1156,1848896483.0,4.0,4.0,74.0,2.0,-1.0,-1.0,-1.0,140.059935,1.0,0.0,1.0,0.0,-1.0,3.0,97.804786,0.0,19.320463,-1.0,217.436531
1123,1848896486.0,3.0,2.0,22.0,8.0,137.557094,-1.0,3.0,141.859243,0.0,1.0,1.0,1.0,148.539542,3.0,78.088198,-1.0,31.745724,1.0,122.969436
6797,1848896489.0,2.0,2.0,111.0,3.0,49.320859,-1.0,-1.0,33.727086,1.0,-1.0,1.0,0.0,60.007405,4.0,46.131956,0.0,21.705334,1.0,112.378811
1189,1848896495.0,-1.0,-1.0,114.0,1.0,45.972249,-1.0,2.0,64.575218,1.0,0.0,1.0,0.0,56.310559,3.0,49.178999,1.0,63.089707,1.0,217.726641
1064,1848896501.0,4.0,4.0,117.0,5.0,42.528263,-1.0,2.0,4.988843,1.0,0.0,1.0,0.0,53.064205,3.0,-1.0,0.0,19.992716,1.0,168.511232
1166,1848896504.0,4.0,3.0,159.0,7.0,0.510242,-1.0,3.0,7.572061,1.0,0.0,1.0,0.0,11.331841,3.0,-1.0,0.0,2.61427,1.0,33.533012
6798,1848896509.0,-1.0,2.0,75.0,3.0,85.351479,-1.0,4.0,15.816742,0.0,1.0,1.0,1.0,96.280783,3.0,70.839959,0.0,11.893631,1.0,115.226213
1097,1848896513.0,3.0,3.0,121.0,0.0,39.315386,-1.0,4.0,23.056336,1.0,0.0,1.0,0.0,49.372458,2.0,60.291228,0.0,18.007215,1.0,40.115362
1180,1848896516.0,-1.0,2.0,85.0,9.0,74.981147,-1.0,4.0,3.285883,1.0,0.0,-1.0,0.0,85.422841,1.0,74.441737,0.0,6.230387,1.0,21.460948
1157,1848896518.0,3.0,4.0,97.0,2.0,63.326146,-1.0,4.0,84.628041,1.0,0.0,-1.0,0.0,74.216446,3.0,24.01218,0.0,20.94299,1.0,184.233738
1181,1848896523.0,-1.0,2.0,102.0,9.0,57.542371,-1.0,2.0,-1.0,0.0,1.0,1.0,1.0,67.832311,-1.0,49.583594,0.0,35.232307,1.0,19.97498
6799,1848896525.0,4.0,3.0,74.0,3.0,-1.0,-1.0,4.0,2.339485,1.0,0.0,0.0,0.0,-1.0,3.0,70.449937,0.0,27.14434,0.0,99.987089
6800,1848896530.0,4.0,4.0,88.0,3.0,71.762431,-1.0,4.0,79.530874,1.0,0.0,-1.0,0.0,82.564275,3.0,6.412404,0.0,14.92786,1.0,14.438953
1190,1848896534.0,3.0,3.0,144.0,1.0,15.612526,-1.0,4.0,87.131133,2.0,-1.0,-1.0,0.0,26.008663,4.0,2.137772,-1.0,54.292647,0.0,113.30649
1262,1848896537.0,-1.0,4.0,100.0,-1.0,60.013001,-1.0,-1.0,33.646159,1.0,0.0,0.0,0.0,70.834294,3.0,2.143563,-1.0,22.953899,0.0,14.752786
6801,1848896543.0,2.0,3.0,152.0,3.0,7.685312,-1.0,4.0,26.557796,0.0,1.0,-1.0,1.0,18.477962,3.0,38.648509,1.0,29.053783,1.0,195.163699
6802,1848896549.0,3.0,4.0,146.0,3.0,13.868422,-1.0,3.0,-1.0,1.0,0.0,1.0,0.0,24.17717,3.0,24.09411,0.0,65.437543,1.0,-1.0
1158,1848896555.0,2.0,3.0,17.0,2.0,143.372071,-1.0,4.0,19.752818,1.0,0.0,1.0,0.0,153.956601,1.0,16.842856,0.0,92.305687,1.0,125.159353
6803,1848896559.0,2.0,2.0,65.0,3.0,95.388681,-1.0,2.0,85.583631,1.0,0.0,1.0,0.0,105.628045,3.0,-1.0,0.0,33.460235,0.0,123.193359
6804,1848896565.0,3.0,4.0,159.0,3.0,0.643493,-1.0,2.0,74.65353,1.0,0.0,1.0,0.0,11.567181,3.0,103.20463,1.0,63.758325,1.0,104.069523
6805,1848896569.0,2.0,3.0,84.0,3.0,75.572152,-1.0,4.0,101.256895,1.0,0.0,-1.0,0.0,85.642231,3.0,-1.0,0.0,31.522399,0.0,129.224966
6806,1848896573.0,2.0,4.0,152.0,3.0,8.351367,-1.0,4.0,143.440355,1.0,-1.0,-1.0,0.0,19.333242,4.0,23.409015,0.0,1.855435,1.0,64.116536
1167,1848896579.0,2.0,4.0,46.0,7.0,114.208903,-1.0,2.0,-1.0,2.0,-1.0,-1.0,0.0,124.833331,-1.0,78.542787,0.0,20.8186,1.0,6.55059
1065,1848896585.0,-1.0,3.0,97.0,5.0,62.937092,-1.0,3.0,16.964943,1.0,0.0,-1.0,0.0,73.202182,1.0,98.181251,0.0,51.094026,1.0,257.812129
1168,1848896590.0,2.0,2.0,71.0,7.0,88.619685,-1.0,2.0,44.321657,0.0,1.0,1.0,1.0,98.682315,3.0,4.490619,0.0,25.704848,1.0,39.6092
1191,1848896594.0,2.0,3.0,150.0,1.0,9.753132,-1.0,2.0,4.054959,1.0,0.0,-1.0,0.0,20.437029,3.0,52.256314,0.0,6.421429,1.0,140.270838
6807,1848896596.0,2.0,4.0,121.0,3.0,39.243351,-1.0,3.0,100.666139,2.0,0.0,1.0,0.0,49.394763,4.0,30.148403,0.0,75.56513,1.0,51.928371
6808,1848896601.0,3.0,4.0,146.0,3.0,14.042119,-1.0,-1.0,-1.0,2.0,-1.0,-1.0,0.0,24.209072,3.0,27.296868,0.0,14.059807,1.0,0.670529
6809,1848896604.0,4.0,3.0,97.0,3.0,63.240877,-1.0,3.0,48.747161,2.0,0.0,1.0,0.0,73.339839,3.0,35.754968,0.0,13.829189,1.0,150.709585
6810,1848896606.0,-1.0,2.0,142.0,3.0,17.690794,-1.0,4.0,8.026456,1.0,0.0,1.0,0.0,27.851561,3.0,76.442542,0.0,29.094866,1.0,4.958141
1263,1848896609.0,3.0,4.0,153.0,-1.0,6.893241,-1.0,3.0,37.84019,1.0,0.0,-1.0,0.0,17.616047,3.0,90.479084,0.0,11.932561,0.0,14.294216
6811,1848896611.0,2.0,2.0,108.0,3.0,51.597373,-1.0,4.0,43.822749,1.0,0.0,1.0,0.0,62.312287,4.0,67.475561,0.0,1.175365,1.0,6.364732
6812,1848896617.0,3.0,2.0,102.0,3.0,57.772608,-1.0,4.0,-1.0,1.0,0.0,1.0,0.0,68.501096,3.0,33.668611,0.0,35.829192,1.0,93.180873
1169,1848896619.0,2.0,2.0,122.0,7.0,37.636247,-1.0,4.0,-1.0,2.0,0.0,1.0,0.0,48.545341,2.0,-1.0,1.0,24.320904,1.0,197.083065
1154,1848896622.0,4.0,4.0,121.0,6.0,38.918762,-1.0,2.0,57.449848,2.0,-1.0,1.0,0.0,49.269145,3.0,40.196694,0.0,16.775908,1.0,94.800513
6813,1848896625.0,4.0,-1.0,130.0,3.0,30.092375,-1.0,2.0,-1.0,1.0,0.0,1.0,0.0,40.630764,3.0,113.052911,0.0,11.597359,1.0,124.759917
6814,1848896627.0,3.0,4.0,95.0,3.0,64.961306,-1.0,4.0,55.576796,1.0,0.0,0.0,0.0,75.878178,3.0,104.685556,0.0,33.403579,0.0,39.772757
1098,1848896633.0,2.0,4.0,78.0,0.0,81.550418,-1.0,4.0,-1.0,1.0,0.0,1.0,0.0,91.659563,3.0,16.30283,0.0,23.476093,1.0,137.443041
1159,1848896637.0,3.0,2.0,138.0,2.0,21.64638,-1.0,3.0,-1.0,1.0,0.0,0.0,0.0,32.370259,4.0,59.487908,1.0,39.846546,0.0,68.323458
1160,1848896641.0,3.0,3.0,74.0,2.0,-1.0,-1.0,4.0,17.324541,2.0,0.0,1.0,0.0,-1.0,3.0,112.783805,0.0,12.891105,-1.0,104.418918
1099,1848896645.0,2.0,3.0,129.0,0.0,31.351372,-1.0,2.0,34.756937,1.0,0.0,1.0,0.0,41.518066,3.0,60.151806,0.0,43.483572,1.0,25.837243
1155,1848896647.0,4.0,-1.0,113.0,6.0,47.063138,-1.0,-1.0,88.128017,1.0,0.0,-1.0,0.0,57.790767,2.0,29.369318,-1.0,22.704003,1.0,181.745974
1082,1848896649.0,2.0,2.0,137.0,4.0,23.253845,-1.0,3.0,11.103586,1.0,-1.0,1.0,0.0,33.581652,3.0,72.177997,0.0,19.986357,-1.0,155.485723
6815,1848896653.0,4.0,3.0,154.0,3.0,6.33408,-1.0,2.0,69.213307,1.0,0.0,1.0,0.0,17.034179,3.0,70.325132,1.0,7.769405,1.0,48.046831
1124,1848896658.0,4.0,3.0,80.0,8.0,79.592721,-1.0,3.0,3.079644,0.0,1.0,0.0,1.0,89.962039,1.0,135.541752,0.0,61.030634,0.0,63.40117
1100,1848896662.0,4.0,2.0,100.0,0.0,59.910081,-1.0,4.0,102.43081,1.0,0.0,1.0,0.0,70.565321,4.0,80.780641,0.0,17.438478,1.0,64.434343
1192,1848896668.0,4.0,4.0,37.0,1.0,123.354382,-1.0,3.0,78.542346,0.0,1.0,1.0,1.0,134.336261,4.0,5.487294,0.0,1.267041,1.0,225.555205
6816,1848896673.0,4.0,4.0,74.0,3.0,-1.0,-1.0,-1.0,3.254758,1.0,0.0,-1.0,0.0,-1.0,2.0,16.091596,0.0,55.727423,1.0,262.705473
1161,1848896675.0,4.0,3.0,131.0,2.0,28.698834,-1.0,4.0,57.455085,1.0,0.0,-1.0,0.0,39.137593,3.0,-1.0,-1.0,25.266966,1.0,75.720136
1170,1848896678.0,-1.0,4.0,151.0,7.0,8.764192,-1.0,3.0,110.622476,2.0,0.0,-1.0,0.0,19.492129,2.0,-1.0,0.0,1.433091,1.0,184.090752
1125,1848896682.0,2.0,-1.0,133.0,8.0,27.001033,-1.0,2.0,20.618485,1.0,0.0,1.0,0.0,37.565755,3.0,71.570027,0.0,14.116,1.0,231.905692
1101,1848896684.0,2.0,2.0,126.0,0.0,33.709541,-1.0,3.0,29.025001,1.0,0.0,0.0,0.0,43.864345,3.0,11.564267,0.0,3.143369,0.0,74.174269
6817,1848896687.0,4.0,2.0,86.0,3.0,73.531555,-1.0,-1.0,118.293369,2.0,0.0,1.0,0.0,84.235165,3.0,28.890196,0.0,63.849175,1.0,128.074889
1066,1848896693.0,2.0,2.0,116.0,5.0,44.48615,-1.0,2.0,2.931961,1.0,0.0,1.0,0.0,54.614284,3.0,-1.0,1.0,61.021057,1.0,198.103618
6818,1848896696.0,3.0,2.0,131.0,3.0,28.83077,-1.0,3.0,28.985729,1.0,0.0,1.0,0.0,39.778333,4.0,14.513762,0.0,2.033001,1.0,113.209345
1126,1848896701.0,3.0,2.0,95.0,8.0,64.926994,-1.0,4.0,82.127545,1.0,-1.0,1.0,0.0,75.31236,3.0,5.780661,-1.0,37.294935,1.0,129.9364
1102,1848896705.0,4.0,3.0,120.0,0.0,39.956738,-1.0,4.0,48.029672,1.0,0.0,0.0,0.0,50.229937,3.0,92.474241,1.0,13.934556,0.0,141.513905
6819,1848896711.0,4.0,2.0,83.0,3.0,77.475798,-1.0,2.0,110.572766,1.0,0.0,-1.0,0.0,87.878974,1.0,0.913974,0.0,24.108624,1.0,104.067754
6820,1848896717.0,-1.0,4.0,140.0,3.0,20.377649,-1.0,2.0,0.808981,0.0,1.0,-1.0,1.0,30.545713,3.0,-1.0,1.0,11.202359,-1.0,8.138117
1162,1848896720.0,3.0,3.0,157.0,2.0,3.447524,-1.0,2.0,30.612652,2.0,-1.0,1.0,0.0,13.988789,4.0,94.199867,0.0,30.854771,1.0,200.584983
6821,1848896726.0,2.0,4.0,153.0,3.0,6.580849,-1.0,3.0,26.101267,1.0,0.0,1.0,0.0,17.525833,3.0,139.319501,0.0,44.508148,1.0,93.182934
1264,1848896731.0,3.0,3.0,148.0,-1.0,11.822136,-1.0,2.0,121.472939,1.0,-1.0,1.0,0.0,21.946637,1.0,55.363888,0.0,44.646553,1.0,88.993921
1163,1848896734.0,2.0,4.0,127.0,2.0,33.394429,-1.0,2.0,13.855224,1.0,0.0,1.0,0.0,43.665708,4.0,-1.0,0.0,2.106837,1.0,39.345399
6822,1848896737.0,2.0,3.0,159.0,3.0,1.033894,-1.0,2.0,109.16931,1.0,-1.0,1.0,0.0,11.531333,3.0,57.065148,0.0,4.272551,1.0,171.302987
1156,1848896739.0,4.0,2.0,129.0,6.0,31.213437,-1.0,2.0,20.281714,1.0,-1.0,1.0,0.0,41.666807,3.0,22.829907,0.0,36.242875,1.0,85.524608
1103,1848896743.0,4.0,3.0,74.0,0.0,-1.0,-1.0,4.0,108.588251,1.0,-1.0,0.0,0.0,-1.0,1.0,90.007411,0.0,45.651798,0.0,172.817311
6823,1848896746.0,-1.0,3.0,125.0,3.0,35.202,-1.0,3.0,2.21968,1.0,0.0,0.0,0.0,45.866668,1.0,2.16303,1.0,24.755958,0.0,-1.0
1265,1848896748.0,3.0,3.0,97.0,-1.0,62.779683,-1.0,2.0,72.868472,1.0,-1.0,1.0,0.0,73.713438,2.0,12.020526,0.0,3.248726,1.0,121.365686
6824,1848896754.0,-1.0,2.0,157.0,3.0,3.326222,-1.0,2.0,5.149857,2.0,0.0,1.0,0.0,13.967931,-1.0,79.169077,0.0,14.134745,1.0,6.354278
1171,1848896759.0,2.0,4.0,143.0,7.0,16.721319,-1.0,4.0,97.292065,1.0,0.0,1.0,0.0,27.228971,1.0,15.573661,0.0,67.552368,1.0,89.251812
1083,1848896765.0,2.0,2.0,152.0,4.0,7.755979,-1.0,3.0,73.906353,0.0,1.0,1.0,1.0,18.563406,2.0,31.180548,0.0,31.203032,0.0,188.645225
1157,1848896767.0,4.0,2.0,158.0,6.0,1.605709,-1.0,2.0,24.166506,1.0,0.0,1.0,0.0,11.952256,-1.0,-1.0,0.0,4.507018,1.0,36.893903
1067,1848896772.0,3.0,3.0,74.0,5.0,-1.0,-1.0,4.0,1.019689,1.0,0.0,1.0,0.0,-1.0,1.0,60.728683,0.0,16.899439,1.0,4.909851
1127,1848896775.0,4.0,3.0,93.0,8.0,67.384448,-1.0,2.0,23.375054,2.0,0.0,1.0,0.0,78.247457,3.0,109.197096,1.0,4.359316,-1.0,223.483453
6825,1848896778.0,4.0,2.0,134.0,3.0,26.421538,-1.0,3.0,-1.0,1.0,-1.0,1.0,0.0,36.920546,-1.0,65.930563,0.0,8.622801,1.0,135.828116
1193,1848896783.0,3.0,4.0,124.0,1.0,36.058973,-1.0,2.0,55.575857,1.0,0.0,1.0,0.0,46.098309,4.0,41.813125,0.0,62.802323,1.0,223.790526
1266,1848896788.0,3.0,3.0,70.0,-1.0,90.489557,-1.0,4.0,-1.0,1.0,0.0,1.0,0.0,100.722573,4.0,7.866015,0.0,20.643407,1.0,78.384602
1267,1848896793.0,3.0,2.0,110.0,-1.0,49.884662,-1.0,-1.0,22.881949,1.0,0.0,1.0,0.0,60.566368,1.0,2.347096,0.0,0.432417,1.0,135.891001
1104,1848896797.0,3.0,4.0,52.0,0.0,108.349066,-1.0,2.0,-1.0,1.0,-1.0,1.0,0.0,118.489184,4.0,95.123989,0.0,16.860174,1.0,106.403477
6826,1848896799.0,4.0,3.0,160.0,3.0,0.22673,-1.0,2.0,10.501948,1.0,0.0,1.0,0.0,10.533857,3.0,31.049007,1.0,38.609871,1.0,171.759619
1084,1848896801.0,4.0,2.0,130.0,4.0,30.42634,-1.0,3.0,37.241931,1.0,0.0,0.0,0.0,41.36291,2.0,148.396133,0.0,55.381628,0.0,136.805487
6827,1848896806.0,4.0,2.0,149.0,3.0,10.893798,-1.0,-1.0,42.179202,1.0,0.0,1.0,0.0,21.059751,1.0,66.029408,0.0,19.986337,1.0,4.204466
6828,1848896812.0,3.0,4.0,138.0,3.0,22.444063,-1.0,4.0,-1.0,1.0,0.0,-1.0,0.0,32.851832,3.0,67.135617,1.0,30.833412,0.0,91.569478
1268,1848896818.0,4.0,2.0,124.0,-1.0,35.830455,-1.0,3.0,15.330199,1.0,0.0,1.0,0.0,46.730978,1.0,13.720277,1.0,14.85582,1.0,113.947494
1194,1848896821.0,4.0,2.0,74.0,1.0,-1.0,-1.0,4.0,137.487625,1.0,-1.0,1.0,0.0,-1.0,1.0,-1.0,0.0,64.720017,1.0,59.327393
1182,1848896824.0,4.0,4.0,143.0,9.0,16.748894,-1.0,2.0,12.776346,1.0,0.0,1.0,0.0,26.887293,3.0,-1.0,0.0,10.134551,1.0,100.211733
1068,1848896829.0,4.0,4.0,131.0,5.0,28.944675,-1.0,4.0,37.772201,2.0,0.0,1.0,0.0,39.462502,1.0,53.724481,0.0,23.038114,-1.0,7.861426
1128,1848896832.0,4.0,3.0,118.0,8.0,41.929594,-1.0,3.0,40.743465,0.0,1.0,1.0,1.0,52.09106,1.0,121.279424,0.0,58.746823,1.0,84.904678
6829,1848896834.0,2.0,3.0,145.0,3.0,15.133742,-1.0,3.0,139.434942,1.0,0.0,1.0,0.0,26.132318,-1.0,-1.0,0.0,13.085666,1.0,148.107275
6830,1848896840.0,4.0,2.0,77.0,3.0,83.256699,-1.0,2.0,-1.0,0.0,1.0,1.0,1.0,93.377395,2.0,46.224214,0.0,9.792494,-1.0,-1.0
1069,1848896845.0,2.0,2.0,66.0,5.0,93.82688,-1.0,3.0,98.007134,1.0,0.0,1.0,0.0,104.293746,2.0,96.93399,0.0,33.558434,1.0,241.134696
1070,1848896850.0,3.0,2.0,74.0,5.0,-1.0,-1.0,3.0,33.770903,1.0,-1.0,1.0,0.0,-1.0,2.0,3.14764,-1.0,28.48503,1.0,150.563691
1269,1848896853.0,2.0,4.0,32.0,-1.0,127.614389,-1.0,4.0,1.904899,1.0,0.0,1.0,0.0,138.325145,3.0,20.296597,0.0,12.930322,1.0,119.01583
1270,1848896856.0,4.0,2.0,132.0,-1.0,27.80396,-1.0,4.0,41.624689,1.0,-1.0,0.0,0.0,37.933798,-1.0,11.646617,0.0,2.41598,0.0,5.289403
6831,1848896858.0,3.0,4.0,133.0,3.0,27.327729,-1.0,3.0,8.258249,0.0,1.0,0.0,1.0,38.270056,-1.0,4.991382,0.0,3.940434,0.0,219.739101
6832,1848896862.0,-1.0,4.0,81.0,3.0,79.239634,-1.0,4.0,63.43289,1.0,0.0,1.0,0.0,89.761087,4.0,49.169921,0.0,22.084727,1.0,143.616964
6833,1848896868.0,-1.0,4.0,116.0,3.0,44.366779,-1.0,2.0,11.168343,2.0,0.0,1.0,0.0,54.852599,2.0,14.277384,0.0,21.075288,1.0,117.004791
6834,1848896870.0,3.0,2.0,140.0,3.0,19.607436,-1.0,-1.0,33.845828,2.0,0.0,1.0,0.0,29.643009,3.0,25.529059,0.0,25.339622,1.0,71.548632
6835,1848896873.0,4.0,4.0,158.0,3.0,2.102697,-1.0,3.0,73.125075,1.0,0.0,-1.0,0.0,12.463021,3.0,8.127408,0.0,32.250203,1.0,69.04612
1195,1848896875.0,2.0,3.0,155.0,1.0,5.235757,-1.0,3.0,65.529121,1.0,0.0,-1.0,0.0,15.920855,4.0,25.982223,0.0,41.711392,1.0,64.579591
6836,1848896877.0,3.0,2.0,132.0,3.0,27.655869,-1.0,2.0,60.384752,2.0,0.0,1.0,0.0,38.262987,-1.0,96.977428,0.0,65.690797,1.0,12.476694
1105,1848896881.0,2.0,2.0,159.0,0.0,1.240915,-1.0,4.0,36.832537,1.0,0.0,0.0,0.0,12.14678,3.0,24.122792,0.0,14.513069,0.0,26.281304
6837,1848896885.0,2.0,4.0,150.0,3.0,10.419491,-1.0,2.0,24.34869,2.0,0.0,1.0,0.0,20.893528,3.0,38.295146,0.0,16.493006,1.0,133.228486
1071,1848896890.0,3.0,2.0,127.0,5.0,32.76783,-1.0,3.0,-1.0,1.0,0.0,1.0,0.0,43.286222,1.0,41.181267,0.0,58.576308,1.0,43.931073
1183,1848896894.0,4.0,3.0,97.0,9.0,63.268284,-1.0,4.0,28.142436,1.0,0.0,0.0,0.0,73.987392,1.0,28.66955,0.0,31.369762,0.0,152.836403
1172,1848896896.0,4.0,2.0,62.0,7.0,97.65604,-1.0,-1.0,107.808201,0.0,1.0,0.0,1.0,108.12208,4.0,-1.0,0.0,26.009532,0.0,50.90421
1173,1848896899.0,4.0,2.0,129.0,7.0,31.070822,-1.0,2.0,49.230242,1.0,0.0,-1.0,0.0,41.893537,4.0,12.916181,0.0,55.332388,1.0,139.435461
1158,1848896901.0,4.0,4.0,105.0,6.0,55.0285,-1.0,2.0,6.524161,0.0,1.0,0.0,1.0,65.973333,2.0,46.697657,1.0,2.718704,0.0,71.090722
1129,1848896905.0,4.0,2.0,159.0,8.0,1.328146,-1.0,3.0,-1.0,1.0,0.0,1.0,0.0,12.133037,3.0,101.716839,0.0,21.059066,1.0,241.281195
1106,1848896908.0,2.0,2.0,153.0,0.0,7.36025,-1.0,3.0,66.151403,1.0,0.0,-1.0,0.0,17.882772,-1.0,-1.0,0.0,3.643436,1.0,77.177659
1174,1848896910.0,2.0,3.0,149.0,7.0,11.264547,-1.0,3.0,44.777832,1.0,0.0,1.0,0.0,21.906889,3.0,46.713977,0.0,6.312568,1.0,97.350529
6838,1848896913.0,4.0,3.0,137.0,3.0,22.571992,-1.0,4.0,46.937589,2.0,0.0,1.0,0.0,33.526325,3.0,47.776694,0.0,63.526733,1.0,150.24007
6839,1848896915.0,3.0,2.0,129.0,3.0,30.765058,-1.0,3.0,-1.0,1.0,-1.0,-1.0,0.0,41.385398,-1.0,59.736443,1.0,81.821736,1.0,3.827057
1196,1848896921.0,-1.0,2.0,74.0,1.0,-1.0,-1.0,2.0,102.911852,1.0,0.0,0.0,0.0,-1.0,4.0,23.975161,0.0,24.216666,0.0,249.491266
1164,1848896923.0,2.0,2.0,27.0,2.0,132.60272,-1.0,3.0,2.418229,1.0,0.0,-1.0,0.0,143.556932,1.0,59.628767,0.0,23.164137,1.0,93.263045
1130,1848896929.0,2.0,2.0,158.0,8.0,2.199848,-1.0,4.0,16.880453,1.0,0.0,1.0,0.0,12.423694,2.0,23.972747,1.0,24.761971,1.0,75.505857
1107,1848896931.0,3.0,3.0,125.0,0.0,34.927031,-1.0,3.0,80.712058,1.0,0.0,1.0,0.0,44.973073,-1.0,60.604531,0.0,21.374009,1.0,200.916109
1175,1848896934.0,3.0,3.0,97.0,7.0,62.82062,-1.0,2.0,33.849424,2.0,0.0,1.0,0.0,72.842455,-1.0,19.455728,0.0,14.178775,1.0,66.173451
1271,1848896939.0,2.0,4.0,131.0,-1.0,28.991282,-1.0,2.0,24.503394,2.0,-1.0,-1.0,0.0,39.299336,3.0,76.036851,-1.0,34.97945,1.0,49.339833
1184,1848896944.0,4.0,-1.0,153.0,9.0,6.559486,-1.0,3.0,140.303188,1.0,0.0,1.0,0.0,16.750277,3.0,27.499182,0.0,25.505549,1.0,105.707091
1165,1848896948.0,2.0,3.0,140.0,2.0,19.531016,-1.0,2.0,62.260659,1.0,0.0,1.0,0.0,29.818769,-1.0,24.406641,0.0,27.298577,1.0,78.110608
1072,1848896950.0,4.0,4.0,117.0,5.0,42.715565,-1.0,3.0,28.995093,1.0,0.0,1.0,0.0,52.893681,3.0,-1.0,-1.0,30.014077,1.0,65.726118
1131,1848896952.0,4.0,3.0,121.0,8.0,39.37067,-1.0,3.0,103.517042,1.0,0.0,1.0,0.0,50.204302,3.0,25.415625,0.0,13.299579,1.0,53.400707
1159,1848896956.0,-1.0,2.0,128.0,6.0,31.517574,-1.0,4.0,52.985227,1.0,0.0,1.0,0.0,41.964907,4.0,-1.0,0.0,14.338722,-1.0,33.540972
1176,1848896961.0,3.0,4.0,66.0,7.0,93.670877,-1.0,2.0,-1.0,1.0,0.0,1.0,0.0,104.120029,3.0,57.92077,0.0,63.237715,1.0,50.120909
1160,1848896966.0,2.0,3.0,128.0,6.0,31.567952,-1.0,3.0,24.182532,2.0,0.0,1.0,0.0,41.910428,3.0,32.3983,0.0,14.162344,1.0,67.050074
1272,1848896969.0,4.0,2.0,142.0,-1.0,17.541054,-1.0,2.0,49.509635,1.0,0.0,1.0,0.0,27.80148,-1.0,46.142997,0.0,21.469627,-1.0,53.2053
1177,1848896975.0,3.0,3.0,154.0,7.0,6.383876,-1.0,4.0,41.573654,1.0,0.0,-1.0,0.0,17.202972,3.0,98.739244,1.0,11.786559,0.0,292.027841
1178,1848896979.0,2.0,4.0,50.0,7.0,110.154879,-1.0,2.0,52.598215,2.0,0.0,-1.0,0.0,121.151812,4.0,8.120435,0.0,47.90895,1.0,221.17173
6840,1848896981.0,3.0,3.0,130.0,3.0,29.54442,-1.0,3.0,34.907797,1.0,-1.0,1.0,0.0,40.367992,4.0,81.491537,0.0,5.817143,1.0,146.151628
6841,1848896984.0,4.0,4.0,147.0,3.0,12.813321,-1.0,4.0,18.818685,1.0,0.0,-1.0,0.0,23.655578,4.0,40.430011,0.0,8.656634,-1.0,143.607861
6842,1848896987.0,3.0,3.0,148.0,3.0,12.325564,-1.0,4.0,5.270191,1.0,0.0,-1.0,0.0,22.601656,4.0,118.902851,0.0,37.279461,1.0,193.461856
1073,1848896990.0,4.0,2.0,130.0,5.0,30.017555,-1.0,3.0,33.553073,1.0,-1.0,-1.0,0.0,40.123179,4.0,114.859803,0.0,78.670496,1.0,116.201777
6843,1848896992.0,2.0,2.0,76.0,3.0,84.012697,-1.0,4.0,82.142914,1.0,0.0,1.0,0.0,94.434753,4.0,37.01535,1.0,46.432051,1.0,102.284132
6844,1848896998.0,2.0,2.0,88.0,3.0,72.353901,-1.0,-1.0,85.266145,1.0,0.0,1.0,0.0,82.622218,4.0,-1.0,-1.0,38.507616,1.0,138.450738
1197,1848897000.0,4.0,3.0,133.0,1.0,26.669185,-1.0,3.0,99.505116,1.0,0.0,-1.0,0.0,36.681231,3.0,-1.0,1.0,13.637888,1.0,107.773099
1179,1848897006.0,2.0,3.0,135.0,7.0,25.093782,-1.0,3.0,4.13292,1.0,0.0,1.0,0.0,36.023261,4.0,77.238733,1.0,20.346291,1.0,203.298125
1085,1848897008.0,4.0,2.0,47.0,4.0,113.112443,-1.0,2.0,114.228869,0.0,1.0,1.0,1.0,123.447639,3.0,72.664253,0.0,5.773489,1.0,92.918016
1198,1848897013.0,2.0,4.0,149.0,1.0,11.334413,-1.0,4.0,55.730569,2.0,-1.0,1.0,0.0,22.328647,-1.0,10.131419,-1.0,15.415961,1.0,161.829058
6845,1848897017.0,4.0,4.0,134.0,3.0,26.08623,-1.0,2.0,40.361241,2.0,0.0,0.0,0.0,37.0211,1.0,41.623368,1.0,33.234837,0.0,20.398722
1132,1848897019.0,4.0,4.0,109.0,8.0,50.652212,-1.0,4.0,11.179084,1.0,0.0,0.0,0.0,61.502319,3.0,95.365177,0.0,52.393173,0.0,41.724829
1185,1848897021.0,4.0,4.0,53.0,9.0,106.891883,-1.0,2.0,18.327238,2.0,0.0,1.0,0.0,117.362175,3.0,0.684645,-1.0,81.427789,1.0,138.982115
1273,1848897024.0,3.0,-1.0,134.0,-1.0,26.181377,-1.0,3.0,7.430532,1.0,0.0,1.0,0.0,36.452577,3.0,35.813028,1.0,11.456728,1.0,5.652444
1199,1848897029.0,2.0,3.0,38.0,1.0,121.623301,-1.0,-1.0,34.202386,1.0,0.0,1.0,0.0,131.682214,3.0,108.413434,-1.0,8.769071,1.0,23.623226
6846,1848897035.0,-1.0,4.0,144.0,3.0,15.863936,-1.0,2.0,41.35742,0.0,1.0,1.0,1.0,26.124103,4.0,145.512649,1.0,27.816089,1.0,59.750554
1086,1848897037.0,-1.0,2.0,95.0,4.0,65.402606,-1.0,4.0,22.367602,0.0,1.0,1.0,1.0,76.105149,3.0,26.509478,0.0,29.994171,1.0,28.654898
6847,1848897043.0,4.0,2.0,110.0,3.0,49.824959,-1.0,2.0,59.424764,1.0,0.0,1.0,0.0,60.16396,3.0,26.479245,0.0,3.703782,1.0,111.953243
6848,1848897047.0,3.0,4.0,76.0,3.0,83.910426,-1.0,-1.0,0.025246,1.0,0.0,1.0,0.0,94.400463,4.0,-1.0,0.0,32.737089,1.0,138.714785
1087,1848897053.0,-1.0,3.0,108.0,4.0,52.451334,-1.0,3.0,15.870591,1.0,0.0,-1.0,0.0,62.902045,2.0,98.059373,1.0,41.072942,1.0,19.063154
1180,1848897056.0,4.0,4.0,121.0,7.0,39.199221,-1.0,2.0,16.128657,0.0,1.0,1.0,1.0,49.65757,3.0,82.888472,0.0,69.297803,1.0,76.324765
1074,1848897059.0,2.0,-1.0,27.0,5.0,132.710035,-1.0,3.0,37.821909,1.0,0.0,1.0,0.0,143.524434,-1.0,80.223098,0.0,23.567438,1.0,94.282589
6849,1848897061.0,-1.0,4.0,132.0,3.0,27.779228,-1.0,2.0,73.172819,1.0,0.0,0.0,0.0,38.177653,3.0,71.377083,0.0,70.653292,0.0,95.121716
1181,1848897066.0,2.0,3.0,140.0,7.0,19.893858,-1.0,4.0,10.557831,1.0,0.0,-1.0,0.0,29.928121,3.0,53.381529,1.0,32.704354,1.0,6.912734
1161,1848897069.0,3.0,-1.0,159.0,6.0,0.959491,-1.0,2.0,-1.0,2.0,0.0,-1.0,0.0,11.063814,3.0,118.97722,0.0,21.529157,1.0,97.80389
6850,1848897071.0,3.0,2.0,147.0,3.0,12.612918,-1.0,4.0,46.190459,2.0,0.0,1.0,0.0,23.412164,3.0,-1.0,0.0,38.225727,1.0,172.591169
1133,1848897076.0,2.0,3.0,114.0,8.0,46.339495,-1.0,4.0,133.57597,1.0,0.0,-1.0,0.0,56.447872,1.0,48.408703,0.0,36.302828,1.0,97.572743
1182,1848897079.0,2.0,4.0,153.0,7.0,7.328454,-1.0,4.0,58.38832,0.0,1.0,-1.0,1.0,17.988597,1.0,95.14652,0.0,7.441756,1.0,128.329907
1075,1848897083.0,4.0,3.0,142.0,5.0,18.262436,-1.0,2.0,58.203374,1.0,0.0,1.0,0.0,28.996516,-1.0,65.494203,0.0,22.352167,1.0,87.60357
1134,1848897085.0,3.0,3.0,147.0,8.0,12.907337,-1.0,3.0,31.23856,1.0,0.0,1.0,0.0,23.328167,3.0,52.712745,1.0,18.194906,1.0,71.314221
1076,1848897087.0,2.0,4.0,58.0,5.0,101.881462,-1.0,3.0,24.670603,1.0,0.0,1.0,0.0,112.188849,3.0,-1.0,0.0,67.467097,1.0,6.577267
1274,1848897089.0,2.0,3.0,140.0,-1.0,19.673102,-1.0,4.0,28.200879,1.0,0.0,-1.0,0.0,29.923183,-1.0,77.3662,0.0,68.020229,1.0,99.836694
1200,1848897095.0,4.0,2.0,157.0,1.0,3.39275,-1.0,4.0,-1.0,1.0,0.0,1.0,0.0,13.757161,4.0,11.2476,0.0,62.279756,1.0,105.009999
1088,1848897098.0,4.0,4.0,53.0,4.0,107.282247,-1.0,4.0,1.796197,1.0,0.0,1.0,0.0,117.854364,4.0,-1.0,0.0,35.13826,1.0,39.379142
1183,1848897100.0,2.0,2.0,142.0,7.0,17.575089,-1.0,4.0,12.101462,1.0,0.0,1.0,0.0,28.262738,3.0,94.591192,0.0,25.237176,1.0,61.945375
1275,1848897105.0,4.0,4.0,86.0,-1.0,73.944889,-1.0,4.0,102.994142,1.0,0.0,1.0,0.0,84.738852,3.0,54.112663,1.0,2.614921,1.0,146.121098
1077,1848897108.0,3.0,3.0,109.0,5.0,50.576102,-1.0,3.0,70.43835,1.0,0.0,1.0,0.0,61.452477,3.0,93.243872,0.0,30.311499,1.0,25.537636
1186,1848897113.0,4.0,3.0,150.0,9.0,10.280641,-1.0,2.0,29.407907,1.0,0.0,1.0,0.0,21.172048,1.0,72.115617,1.0,28.632773,1.0,109.50312
6851,1848897115.0,2.0,3.0,150.0,3.0,10.207499,-1.0,3.0,41.186296,0.0,1.0,-1.0,1.0,20.858265,3.0,58.419269,1.0,0.892336,1.0,180.66723
1089,1848897121.0,2.0,3.0,118.0,4.0,42.300762,-1.0,3.0,4.016814,2.0,0.0,1.0,0.0,52.572047,3.0,-1.0,0.0,40.232257,1.0,75.509688
1135,1848897126.0,4.0,4.0,148.0,8.0,12.282041,-1.0,2.0,84.137482,0.0,1.0,1.0,1.0,22.542786,-1.0,-1.0,1.0,41.211056,1.0,123.06494
6852,1848897131.0,3.0,3.0,124.0,3.0,36.302724,-1.0,3.0,-1.0,1.0,0.0,1.0,0.0,46.392723,3.0,11.260831,0.0,55.987252,1.0,41.42986
6853,1848897136.0,3.0,2.0,155.0,3.0,4.920917,-1.0,3.0,12.848734,1.0,0.0,1.0,0.0,15.206377,2.0,110.723803,0.0,30.111778,1.0,103.193716
1187,1848897140.0,2.0,4.0,151.0,9.0,9.293874,-1.0,2.0,38.90435,1.0,-1.0,1.0,0.0,19.316339,2.0,-1.0,0.0,16.467908,1.0,107.693755
1090,1848897143.0,4.0,3.0,51.0,4.0,109.188976,-1.0,2.0,24.632177,1.0,0.0,1.0,0.0,119.820103,3.0,82.244477,0.0,1.631556,1.0,176.673966
1136,1848897148.0,2.0,2.0,140.0,8.0,19.903869,-1.0,3.0,46.455789,2.0,0.0,1.0,0.0,30.062881,-1.0,46.018781,1.0,46.363903,1.0,66.185735
1091,1848897151.0,2.0,4.0,89.0,4.0,70.954361,-1.0,2.0,16.39955,2.0,0.0,0.0,0.0,81.411394,-1.0,35.665274,-1.0,60.704093,0.0,81.090819
6854,1848897156.0,3.0,2.0,158.0,3.0,2.308275,-1.0,3.0,82.594403,2.0,-1.0,1.0,0.0,13.225974,2.0,18.205104,0.0,15.925475,1.0,105.934212
1137,1848897160.0,3.0,4.0,124.0,8.0,36.117111,-1.0,2.0,-1.0,2.0,0.0,0.0,0.0,46.258421,2.0,89.599088,1.0,26.026151,0.0,131.629741
1184,1848897165.0,3.0,2.0,125.0,7.0,34.921595,-1.0,2.0,54.55755,2.0,0.0,0.0,0.0,45.435265,-1.0,77.42534,1.0,32.543321,0.0,8.07173
6855,1848897171.0,4.0,2.0,88.0,3.0,71.877121,-1.0,-1.0,26.354857,1.0,0.0,1.0,0.0,82.780329,3.0,55.741389,1.0,41.883482,1.0,151.964774
6856,1848897175.0,4.0,2.0,66.0,3.0,93.715364,-1.0,3.0,38.50553,1.0,0.0,-1.0,0.0,104.251137,3.0,60.517399,0.0,23.49924,1.0,53.509862
6857,1848897178.0,4.0,3.0,133.0,3.0,26.603057,-1.0,3.0,10.736038,1.0,0.0,1.0,0.0,37.509103,3.0,-1.0,0.0,15.788919,1.0,71.9931
1092,1848897180.0,4.0,3.0,107.0,4.0,53.395522,-1.0,4.0,7.272554,2.0,0.0,1.0,0.0,64.194533,3.0,32.835004,0.0,28.102494,1.0,103.059516
1276,1848897183.0,2.0,-1.0,119.0,-1.0,40.871079,-1.0,3.0,151.828533,1.0,0.0,-1.0,0.0,51.550582,2.0,151.116571,1.0,12.939643,1.0,46.599562
1185,1848897187.0,4.0,2.0,147.0,7.0,12.559266,-1.0,3.0,7.157227,1.0,0.0,1.0,0.0,22.672777,4.0,-1.0,0.0,26.445581,1.0,14.983197
1201,1848897190.0,2.0,3.0,159.0,1.0,0.785476,-1.0,3.0,21.063208,1.0,0.0,1.0,0.0,11.641485,3.0,42.794503,0.0,11.245645,1.0,67.793627
1138,1848897195.0,4.0,2.0,95.0,8.0,64.982159,-1.0,3.0,33.663314,1.0,0.0,1.0,0.0,75.186267,3.0,29.398201,0.0,64.875176,1.0,52.702178
1162,1848897199.0,4.0,4.0,149.0,6.0,10.951789,-1.0,2.0,83.808041,1.0,-1.0,1.0,0.0,21.073048,-1.0,-1.0,0.0,16.93203,1.0,23.534453
1163,1848897203.0,4.0,2.0,78.0,6.0,82.225281,-1.0,2.0,-1.0,1.0,0.0,-1.0,0.0,93.16921,2.0,48.631819,0.0,45.844294,1.0,13.272753
1164,1848897205.0,4.0,2.0,134.0,6.0,25.524764,-1.0,2.0,61.163843,1.0,0.0,1.0,0.0,35.642823,3.0,40.620411,0.0,37.993287,1.0,71.300428
6858,1848897207.0,4.0,4.0,143.0,3.0,16.586644,-1.0,4.0,79.925649,1.0,0.0,1.0,0.0,27.177727,4.0,55.503213,0.0,31.262387,1.0,30.247612
1108,1848897210.0,-1.0,4.0,84.0,0.0,76.192749,-1.0,4.0,16.969988,1.0,0.0,1.0,0.0,86.31564,2.0,104.707125,0.0,0.003594,-1.0,73.657289
6859,1848897216.0,3.0,3.0,152.0,3.0,8.203444,-1.0,4.0,5.880299,1.0,0.0,1.0,0.0,19.130959,3.0,48.414734,1.0,18.716056,1.0,70.941267
1165,1848897218.0,4.0,-1.0,142.0,6.0,18.209799,-1.0,-1.0,16.027855,1.0,0.0,1.0,0.0,29.128946,-1.0,48.79187,0.0,17.330479,1.0,183.161098
1277,1848897222.0,4.0,3.0,153.0,-1.0,6.935686,-1.0,3.0,41.555256,1.0,0.0,1.0,0.0,17.175282,1.0,20.049921,-1.0,34.761651,1.0,68.465937
6860,1848897228.0,2.0,2.0,63.0,3.0,96.694551,-1.0,-1.0,61.680877,1.0,0.0,1.0,0.0,106.734781,4.0,-1.0,0.0,4.523318,1.0,2.234325
6861,1848897234.0,2.0,2.0,146.0,3.0,13.586516,-1.0,4.0,67.741474,1.0,0.0,0.0,0.0,24.251189,3.0,37.726094,0.0,10.692495,0.0,92.253429
6862,1848897239.0,2.0,4.0,139.0,3.0,21.320874,-1.0,2.0,35.97757,1.0,0.0,1.0,0.0,32.074556,3.0,50.004865,0.0,56.599661,1.0,83.672328
1166,1848897243.0,3.0,3.0,41.0,6.0,119.16559,-1.0,2.0,78.604496,1.0,0.0,1.0,0.0,129.631075,-1.0,8.390853,0.0,39.635567,1.0,278.549813
1078,1848897249.0,4.0,4.0,131.0,5.0,29.233253,-1.0,4.0,43.78063,0.0,1.0,1.0,1.0,39.396762,2.0,78.478234,-1.0,43.762787,1.0,84.534173
6863,1848897254.0,3.0,3.0,32.0,3.0,127.977467,-1.0,3.0,-1.0,1.0,0.0,0.0,0.0,138.561809,1.0,118.101782,0.0,27.085397,0.0,38.683407
6864,1848897260.0,4.0,3.0,71.0,3.0,88.834835,-1.0,3.0,21.453336,2.0,0.0,1.0,0.0,99.102423,1.0,140.340491,-1.0,19.530991,1.0,85.458715
1109,1848897264.0,4.0,3.0,135.0,0.0,24.793893,-1.0,-1.0,102.105805,0.0,1.0,1.0,1.0,34.958695,4.0,96.265115,1.0,65.292884,-1.0,169.840224
1186,1848897270.0,2.0,3.0,158.0,7.0,2.332863,-1.0,2.0,38.67212,2.0,0.0,1.0,0.0,13.113642,3.0,57.360266,0.0,34.887787,-1.0,137.009329
1187,1848897275.0,3.0,3.0,151.0,7.0,9.05294,-1.0,2.0,26.356596,1.0,-1.0,1.0,0.0,19.299271,2.0,20.526744,1.0,4.262363,1.0,107.968486
1093,1848897280.0,4.0,4.0,114.0,4.0,45.621797,-1.0,3.0,1.910982,1.0,0.0,1.0,0.0,55.747651,-1.0,26.028371,1.0,81.990647,1.0,103.980096
1110,1848897285.0,4.0,4.0,82.0,0.0,78.181307,-1.0,4.0,58.565939,1.0,0.0,1.0,0.0,89.129551,-1.0,21.372894,0.0,2.193937,1.0,18.929445
1139,1848897291.0,4.0,3.0,103.0,8.0,57.357341,-1.0,4.0,-1.0,1.0,0.0,1.0,0.0,68.111599,3.0,7.28745,0.0,88.899575,1.0,70.474765
6865,1848897296.0,2.0,3.0,110.0,3.0,49.932563,-1.0,3.0,5.638046,1.0,0.0,1.0,0.0,59.991506,1.0,114.656928,0.0,29.562129,1.0,181.345565
1167,1848897302.0,4.0,3.0,118.0,6.0,41.728727,-1.0,3.0,-1.0,1.0,0.0,-1.0,0.0,51.783048,3.0,65.946339,0.0,22.41408,1.0,42.372095
1079,1848897306.0,4.0,3.0,160.0,5.0,0.208633,-1.0,3.0,66.471268,1.0,-1.0,1.0,0.0,10.453285,1.0,29.08924,1.0,52.504046,-1.0,83.931688
6866,1848897311.0,4.0,4.0,79.0,3.0,80.741499,-1.0,3.0,18.504621,2.0,0.0,1.0,0.0,91.587481,3.0,86.545575,1.0,47.781784,1.0,235.541825
6867,1848897313.0,2.0,4.0,144.0,3.0,16.482473,-1.0,2.0,34.610364,1.0,0.0,0.0,0.0,27.148538,3.0,44.807602,0.0,6.823976,0.0,99.301048
1166,1848897315.0,4.0,3.0,114.0,2.0,46.103214,-1.0,3.0,13.742449,2.0,0.0,-1.0,0.0,56.146959,3.0,13.892973,0.0,9.626019,1.0,-1.0
6868,1848897321.0,4.0,4.0,151.0,3.0,8.863127,-1.0,2.0,24.351384,1.0,0.0,-1.0,0.0,19.214709,1.0,0.009904,0.0,50.413113,1.0,74.707116
6869,1848897325.0,4.0,4.0,138.0,3.0,22.21484,-1.0,-1.0,38.620199,1.0,0.0,-1.0,0.0,32.850328,4.0,21.608854,-1.0,29.669202,1.0,95.725684
6870,1848897331.0,3.0,4.0,74.0,3.0,-1.0,-1.0,2.0,67.915697,1.0,0.0,-1.0,0.0,-1.0,3.0,63.889285,0.0,78.304066,0.0,181.898959
6871,1848897333.0,-1.0,2.0,137.0,3.0,22.500628,-1.0,2.0,96.171589,2.0,0.0,1.0,0.0,33.464399,3.0,96.633842,0.0,12.400332,1.0,4.391384
6872,1848897338.0,2.0,4.0,63.0,3.0,96.824202,-1.0,2.0,60.257894,0.0,1.0,0.0,1.0,107.468167,1.0,31.267332,0.0,7.124735,0.0,42.670179
6873,1848897343.0,2.0,2.0,100.0,3.0,59.99509,-1.0,2.0,43.880756,2.0,0.0,1.0,0.0,70.447892,2.0,128.23638,0.0,27.884662,1.0,71.776597
6874,1848897347.0,2.0,2.0,136.0,3.0,24.402775,-1.0,4.0,75.623218,1.0,0.0,-1.0,0.0,34.496858,2.0,18.867635,0.0,3.978206,0.0,86.917028
1188,1848897351.0,3.0,4.0,138.0,7.0,22.208686,-1.0,4.0,53.550003,1.0,0.0,1.0,0.0,32.500862,1.0,-1.0,0.0,74.495243,1.0,78.152994
1140,1848897357.0,2.0,2.0,61.0,8.0,98.89358,-1.0,4.0,35.575348,1.0,0.0,1.0,0.0,109.86362,1.0,14.307628,0.0,45.355248,1.0,169.539239
1188,1848897360.0,2.0,3.0,154.0,9.0,5.934885,-1.0,2.0,33.439523,1.0,0.0,-1.0,0.0,16.446228,1.0,66.160092,0.0,2.21385,1.0,36.936787
1168,1848897363.0,4.0,3.0,139.0,6.0,21.318655,-1.0,3.0,0.852909,1.0,0.0,1.0,0.0,31.452625,3.0,118.864608,0.0,37.887834,1.0,145.038738
1278,1848897365.0,4.0,2.0,74.0,-1.0,-1.0,-1.0,3.0,54.541466,1.0,0.0,1.0,0.0,-1.0,2.0,10.194561,-1.0,25.803118,1.0,184.502678
6875,1848897369.0,3.0,2.0,126.0,3.0,33.930172,-1.0,3.0,62.922043,2.0,-1.0,1.0,0.0,44.842722,1.0,13.431616,0.0,22.260085,1.0,6.806315
6876,1848897371.0,3.0,4.0,116.0,3.0,43.650163,-1.0,2.0,35.804437,2.0,0.0,-1.0,0.0,54.23747,3.0,120.784017,0.0,8.05055,1.0,168.364156
6877,1848897375.0,4.0,3.0,155.0,3.0,4.589656,-1.0,3.0,46.485483,1.0,0.0,-1.0,0.0,15.530985,1.0,22.593278,0.0,22.031294,1.0,177.576659
1279,1848897379.0,3.0,2.0,152.0,-1.0,7.756047,-1.0,2.0,61.158515,1.0,0.0,1.0,0.0,17.832861,2.0,153.176951,0.0,26.608189,-1.0,52.474673
1141,1848897385.0,3.0,2.0,122.0,8.0,38.180796,-1.0,2.0,15.61756,1.0,0.0,1.0,0.0,48.775432,3.0,69.349968,0.0,81.326355,1.0,14.744455
6878,1848897388.0,3.0,2.0,146.0,3.0,14.271237,-1.0,3.0,-1.0,1.0,0.0,-1.0,0.0,25.079619,3.0,29.010653,0.0,20.77629,1.0,111.584454
1280,1848897393.0,4.0,3.0,74.0,-1.0,-1.0,-1.0,4.0,85.145882,1.0,-1.0,1.0,0.0,-1.0,3.0,4.788094,0.0,19.289197,1.0,141.01764
6879,1848897397.0,4.0,2.0,101.0,3.0,58.556598,-1.0,4.0,62.656274,1.0,0.0,-1.0,0.0,69.305251,4.0,24.15164,0.0,52.977375,0.0,231.159262
1189,1848897401.0,3.0,4.0,143.0,9.0,16.998633,-1.0,4.0,12.670039,0.0,1.0,1.0,1.0,27.917685,3.0,33.026169,0.0,23.411141,1.0,143.858738
1169,1848897403.0,4.0,3.0,158.0,6.0,2.219888,-1.0,2.0,44.671436,1.0,0.0,0.0,0.0,12.225424,3.0,106.359179,1.0,21.481252,0.0,20.618399
1080,1848897408.0,2.0,2.0,134.0,5.0,26.41499,-1.0,-1.0,-1.0,1.0,0.0,1.0,0.0,37.20123,1.0,31.301463,0.0,0.749588,-1.0,115.21317
1170,1848897413.0,4.0,3.0,126.0,6.0,33.820536,-1.0,3.0,0.307185,1.0,0.0,1.0,0.0,44.756465,3.0,79.613075,0.0,43.300267,1.0,61.158865
6880,1848897418.0,2.0,3.0,74.0,3.0,-1.0,-1.0,2.0,-1.0,1.0,0.0,1.0,0.0,-1.0,-1.0,51.751511,0.0,25.170348,1.0,182.788947
1094,1848897420.0,2.0,3.0,91.0,4.0,68.5108,-1.0,2.0,30.100734,1.0,0.0,1.0,0.0,79.223501,2.0,-1.0,0.0,60.960612,1.0,106.837951
1095,1848897424.0,-1.0,2.0,134.0,4.0,25.500276,-1.0,4.0,37.554816,1.0,0.0,1.0,0.0,35.827142,3.0,50.483999,0.0,5.916837,1.0,89.636455
1281,1848897427.0,4.0,4.0,147.0,-1.0,13.43722,-1.0,3.0,22.821014,2.0,0.0,1.0,0.0,24.02557,3.0,39.536727,0.0,38.379067,1.0,188.698522
1171,1848897432.0,3.0,4.0,41.0,6.0,119.017562,-1.0,4.0,60.50884,1.0,0.0,-1.0,0.0,129.36322,3.0,56.680957,0.0,8.346886,1.0,130.263015
6881,1848897438.0,2.0,2.0,149.0,3.0,10.860523,-1.0,-1.0,29.574325,1.0,0.0,1.0,0.0,21.518732,1.0,6.490035,0.0,5.591224,1.0,155.081137
6882,1848897441.0,2.0,4.0,153.0,3.0,6.53014,-1.0,-1.0,20.742164,1.0,0.0,-1.0,0.0,17.038297,3.0,15.753477,0.0,9.060071,1.0,-1.0
6883,1848897447.0,3.0,2.0,146.0,3.0,14.175745,-1.0,4.0,33.145768,1.0,0.0,1.0,0.0,24.879486,3.0,87.382947,0.0,20.675697,1.0,58.96204
6884,1848897449.0,2.0,2.0,47.0,3.0,112.646797,-1.0,-1.0,45.64531,1.0,0.0,1.0,0.0,122.893881,1.0,24.226776,0.0,34.481194,1.0,49.045078
6885,1848897453.0,3.0,-1.0,154.0,3.0,5.566487,-1.0,4.0,48.619036,1.0,0.0,-1.0,0.0,16.168713,3.0,2.756307,0.0,25.260729,1.0,77.268519
6886,1848897457.0,4.0,4.0,106.0,3.0,53.948464,-1.0,3.0,33.052595,1.0,0.0,1.0,0.0,64.439853,1.0,35.148686,0.0,12.74197,1.0,147.063053
6887,1848897462.0,-1.0,2.0,136.0,3.0,24.294517,-1.0,3.0,55.793369,1.0,0.0,1.0,0.0,34.583566,3.0,31.581949,0.0,45.773035,1.0,32.974435
1167,1848897468.0,2.0,3.0,143.0,2.0,17.332917,-1.0,3.0,52.369367,1.0,0.0,-1.0,0.0,27.704004,3.0,26.832267,1.0,25.038253,1.0,144.02175
1172,1848897470.0,4.0,3.0,102.0,6.0,57.928304,-1.0,4.0,58.461103,1.0,0.0,-1.0,0.0,68.362551,3.0,81.6517,0.0,20.222147,1.0,1.054938
1168,1848897473.0,4.0,2.0,76.0,2.0,83.87412,-1.0,4.0,69.2427,1.0,0.0,1.0,0.0,94.577662,1.0,33.859268,0.0,41.999185,-1.0,281.399815
1190,1848897479.0,2.0,4.0,107.0,9.0,52.733485,-1.0,4.0,88.019153,0.0,1.0,1.0,1.0,63.413184,3.0,56.604892,0.0,52.079019,-1.0,65.915408
1282,1848897484.0,2.0,2.0,96.0,-1.0,64.472012,-1.0,3.0,13.560681,1.0,0.0,-1.0,0.0,74.700204,1.0,40.290859,-1.0,17.796314,1.0,70.081487
6888,1848897487.0,2.0,3.0,87.0,3.0,72.829898,-1.0,2.0,125.079078,0.0,1.0,1.0,1.0,83.391485,4.0,102.087192,0.0,8.998932,1.0,201.787678
6889,1848897492.0,2.0,-1.0,132.0,3.0,28.081716,-1.0,2.0,71.368987,1.0,0.0,-1.0,0.0,38.555923,3.0,48.621897,0.0,22.779049,-1.0,34.850596
1142,1848897497.0,3.0,2.0,146.0,8.0,14.033132,-1.0,3.0,18.518409,2.0,-1.0,1.0,0.0,24.808927,3.0,0.70034,-1.0,14.559962,1.0,213.468755
1283,1848897501.0,4.0,4.0,121.0,-1.0,39.10489,-1.0,2.0,-1.0,1.0,0.0,1.0,0.0,50.005925,3.0,4.026138,0.0,29.248255,1.0,61.813186
1189,1848897503.0,-1.0,3.0,119.0,7.0,40.827469,-1.0,4.0,125.422286,1.0,0.0,1.0,0.0,50.997161,-1.0,-1.0,1.0,15.73572,1.0,118.502488
1191,1848897507.0,3.0,3.0,116.0,9.0,43.970231,-1.0,3.0,19.152565,1.0,0.0,0.0,0.0,54.485059,-1.0,107.121338,0.0,20.239581,0.0,204.405475
1143,1848897509.0,4.0,4.0,158.0,8.0,2.036232,-1.0,4.0,-1.0,1.0,0.0,1.0,0.0,12.480855,3.0,113.940159,0.0,12.5017,1.0,145.437829
1096,1848897511.0,2.0,3.0,135.0,4.0,24.847502,-1.0,4.0,-1.0,1.0,0.0,1.0,0.0,35.23773,3.0,26.376321,-1.0,59.199328,1.0,50.946447
6890,1848897514.0,4.0,-1.0,137.0,3.0,22.793374,-1.0,2.0,97.677632,2.0,0.0,0.0,0.0,33.593964,-1.0,3.156653,1.0,70.68219,0.0,197.418735
1190,1848897516.0,3.0,4.0,66.0,7.0,94.300995,-1.0,4.0,44.642841,2.0,0.0,1.0,0.0,104.496361,4.0,60.348977,0.0,36.795356,1.0,8.464433
1284,1848897518.0,4.0,2.0,72.0,-1.0,88.254128,-1.0,4.0,44.189507,1.0,0.0,1.0,0.0,98.932782,2.0,19.011482,0.0,19.42242,1.0,187.870742
1285,1848897523.0,3.0,3.0,111.0,-1.0,48.695945,-1.0,3.0,8.51557,1.0,0.0,1.0,0.0,59.389666,3.0,4.098123,1.0,19.37936,1.0,117.706284
1173,1848897528.0,4.0,2.0,129.0,6.0,31.173851,-1.0,4.0,49.389765,1.0,0.0,-1.0,0.0,42.012169,3.0,12.407302,1.0,51.92781,1.0,110.972844
1192,1848897533.0,3.0,2.0,141.0,9.0,19.371281,-1.0,2.0,74.41881,2.0,0.0,1.0,0.0,29.963831,2.0,36.87077,1.0,9.854462,1.0,69.55559
6891,1848897538.0,-1.0,4.0,112.0,3.0,47.583601,-1.0,3.0,73.16373,1.0,0.0,1.0,0.0,58.037946,1.0,11.717121,0.0,30.294815,1.0,51.691084
1174,1848897541.0,4.0,3.0,143.0,6.0,16.520809,-1.0,-1.0,21.207475,2.0,0.0,1.0,0.0,27.234011,-1.0,3.158538,0.0,20.619781,1.0,36.663986
6892,1848897546.0,4.0,2.0,116.0,3.0,43.95617,-1.0,4.0,57.424355,1.0,0.0,1.0,0.0,54.101428,2.0,-1.0,-1.0,35.68101,1.0,213.543787
6893,1848897552.0,2.0,3.0,144.0,3.0,15.764654,-1.0,4.0,31.051053,1.0,0.0,0.0,0.0,25.824135,3.0,112.395523,0.0,23.76529,0.0,13.380508
1286,1848897558.0,2.0,2.0,74.0,-1.0,-1.0,-1.0,3.0,22.893209,1.0,0.0,1.0,0.0,-1.0,-1.0,21.240813,0.0,21.432905,1.0,149.804804
6894,1848897562.0,3.0,4.0,61.0,3.0,98.694688,-1.0,2.0,11.797226,2.0,0.0,0.0,0.0,109.618984,3.0,117.083688,0.0,35.499948,0.0,41.866131
1111,1848897566.0,4.0,3.0,85.0,0.0,74.794415,-1.0,4.0,4.689677,2.0,0.0,1.0,0.0,85.666175,2.0,15.368897,0.0,7.546582,1.0,74.612355
1112,1848897568.0,2.0,3.0,113.0,0.0,46.739013,-1.0,3.0,16.286745,1.0,0.0,1.0,0.0,56.922799,2.0,93.028256,1.0,10.911836,1.0,48.052463
1113,1848897574.0,3.0,4.0,151.0,0.0,9.394152,-1.0,2.0,46.498866,1.0,0.0,1.0,0.0,20.092166,3.0,76.176906,0.0,1.63999,1.0,82.632431
1191,1848897576.0,4.0,4.0,77.0,7.0,82.806624,-1.0,2.0,121.886782,1.0,0.0,1.0,0.0,93.25272,4.0,121.567089,0.0,90.163711,1.0,197.927036
6895,1848897581.0,2.0,-1.0,143.0,3.0,16.869143,-1.0,2.0,-1.0,1.0,0.0,-1.0,0.0,27.535038,3.0,86.818653,-1.0,6.093868,1.0,-1.0
1114,1848897586.0,2.0,3.0,121.0,0.0,38.774556,-1.0,3.0,79.949844,2.0,0.0,1.0,0.0,49.515326,3.0,29.566677,0.0,11.001587,1.0,65.154876
6896,1848897588.0,4.0,4.0,144.0,3.0,15.834312,-1.0,3.0,24.163621,2.0,0.0,1.0,0.0,26.771313,2.0,3.109444,0.0,39.30797,1.0,128.45871
6897,1848897594.0,2.0,2.0,137.0,3.0,22.681768,-1.0,3.0,20.48267,1.0,0.0,1.0,0.0,33.053287,3.0,10.897315,1.0,53.827988,1.0,122.426258
6898,1848897600.0,3.0,4.0,158.0,3.0,2.179267,-1.0,3.0,-1.0,1.0,0.0,-1.0,0.0,12.905076,1.0,107.115707,1.0,42.982864,1.0,116.138449
6899,1848897603.0,2.0,3.0,159.0,3.0,0.882762,-1.0,-1.0,68.720853,1.0,-1.0,1.0,0.0,11.604079,4.0,9.612734,0.0,41.384,1.0,216.921042
6900,1848897608.0,4.0,4.0,130.0,3.0,30.000071,-1.0,2.0,19.191102,0.0,1.0,1.0,1.0,40.683126,1.0,9.695013,0.0,1.867483,1.0,24.402472
1081,1848897611.0,3.0,3.0,159.0,5.0,1.014071,-1.0,2.0,89.372236,1.0,0.0,1.0,0.0,11.672852,4.0,73.833737,0.0,15.813154,1.0,224.163451
6901,1848897615.0,2.0,-1.0,91.0,3.0,69.041392,-1.0,3.0,48.138114,1.0,0.0,0.0,0.0,79.277629,3.0,92.061668,0.0,40.493463,0.0,134.239716
6902,1848897620.0,4.0,4.0,157.0,3.0,3.18225,-1.0,4.0,22.487753,2.0,0.0,1.0,0.0,13.907273,3.0,72.079348,0.0,22.325456,1.0,92.725164
1115,1848897623.0,4.0,4.0,107.0,0.0,52.509328,-1.0,4.0,16.803856,1.0,-1.0,0.0,0.0,63.144849,3.0,22.565642,0.0,33.466243,0.0,163.524542
6903,1848897628.0,3.0,4.0,149.0,3.0,11.194925,-1.0,4.0,75.038883,1.0,0.0,1.0,0.0,22.087543,3.0,33.124604,0.0,17.595731,1.0,-1.0
6904,1848897634.0,2.0,3.0,153.0,3.0,7.155445,-1.0,4.0,50.350922,1.0,-1.0,1.0,0.0,17.785235,4.0,18.257312,0.0,24.168428,1.0,146.467272
1144,1848897639.0,4.0,4.0,94.0,8.0,65.650155,-1.0,2.0,59.882669,1.0,0.0,0.0,0.0,75.740686,-1.0,0.845584,0.0,14.838517,0.0,100.206935
1097,1848897644.0,2.0,4.0,128.0,4.0,31.706949,-1.0,4.0,30.739023,1.0,0.0,1.0,0.0,41.982113,1.0,49.151025,0.0,15.653427,-1.0,62.607154
6905,1848897648.0,4.0,4.0,92.0,3.0,67.63796,-1.0,-1.0,-1.0,0.0,1.0,1.0,1.0,78.299189,1.0,99.664702,1.0,14.529197,1.0,174.275819
1193,1848897652.0,3.0,4.0,159.0,9.0,1.318084,-1.0,2.0,73.474466,1.0,0.0,1.0,0.0,11.548446,3.0,69.226192,0.0,0.315012,1.0,25.674665
1192,1848897655.0,3.0,4.0,130.0,7.0,29.978585,-1.0,2.0,4.974946,1.0,0.0,1.0,0.0,40.617118,3.0,16.792302,0.0,75.590748,1.0,109.491579
1098,1848897657.0,3.0,2.0,151.0,4.0,8.566572,-1.0,3.0,1.74082,1.0,0.0,0.0,0.0,19.551912,-1.0,49.247367,1.0,40.114561,0.0,106.160412
1169,1848897661.0,4.0,3.0,148.0,2.0,11.519339,-1.0,4.0,-1.0,1.0,0.0,-1.0,0.0,22.043022,3.0,5.906633,-1.0,36.610228,1.0,125.567208
6906,1848897666.0,3.0,2.0,83.0,3.0,77.278841,-1.0,4.0,17.429124,1.0,-1.0,1.0,0.0,88.068305,1.0,-1.0,0.0,48.886686,1.0,83.968942
1287,1848897668.0,3.0,3.0,52.0,-1.0,108.491329,-1.0,2.0,55.073075,0.0,1.0,1.0,1.0,118.690534,2.0,87.437794,0.0,15.371649,1.0,103.338192
1288,1848897673.0,3.0,3.0,95.0,-1.0,65.061556,-1.0,2.0,26.422783,1.0,0.0,-1.0,0.0,75.800809,4.0,64.232511,-1.0,40.63335,1.0,68.379526
1116,1848897677.0,3.0,3.0,92.0,0.0,68.224913,-1.0,-1.0,22.223325,2.0,0.0,-1.0,0.0,79.03571,2.0,85.480159,0.0,5.407819,1.0,17.988225
1175,1848897679.0,3.0,3.0,69.0,6.0,90.92757,-1.0,2.0,5.799403,1.0,0.0,1.0,0.0,101.347451,1.0,93.067319,0.0,0.998323,1.0,128.400838
1289,1848897685.0,-1.0,-1.0,74.0,-1.0,-1.0,-1.0,2.0,106.428342,1.0,0.0,-1.0,0.0,-1.0,3.0,54.794388,0.0,5.640763,1.0,107.612451
1170,1848897690.0,-1.0,3.0,123.0,2.0,37.171272,-1.0,4.0,10.405621,1.0,0.0,1.0,0.0,47.982992,3.0,154.665535,0.0,12.67558,-1.0,45.945548
6907,1848897693.0,3.0,4.0,102.0,3.0,57.625905,-1.0,3.0,30.968722,2.0,0.0,0.0,0.0,68.405469,2.0,96.474143,-1.0,17.001709,0.0,51.985889
6908,1848897696.0,4.0,2.0,116.0,3.0,44.215426,-1.0,4.0,32.087226,0.0,1.0,1.0,1.0,55.198497,-1.0,56.478082,0.0,31.934569,1.0,21.861477
6909,1848897698.0,3.0,2.0,130.0,3.0,30.403322,-1.0,4.0,49.983439,1.0,0.0,-1.0,0.0,40.776109,3.0,-1.0,0.0,52.644629,1.0,-1.0
1290,1848897701.0,4.0,2.0,139.0,-1.0,21.39456,-1.0,4.0,111.088695,1.0,0.0,1.0,0.0,32.393124,-1.0,9.621412,0.0,25.51026,1.0,235.032896
1176,1848897706.0,4.0,2.0,62.0,6.0,97.515901,-1.0,-1.0,10.239168,1.0,0.0,-1.0,0.0,107.883835,3.0,77.967883,0.0,15.218574,1.0,58.622557
1145,1848897710.0,3.0,3.0,142.0,8.0,18.095593,-1.0,4.0,27.560002,1.0,0.0,1.0,0.0,28.247331,2.0,87.021125,-1.0,18.853429,1.0,0.565205
1193,1848897713.0,3.0,3.0,74.0,7.0,-1.0,-1.0,3.0,9.161768,2.0,0.0,-1.0,0.0,-1.0,1.0,-1.0,1.0,0.107364,1.0,48.08976
6910,1848897718.0,4.0,4.0,159.0,3.0,0.546117,-1.0,2.0,106.947673,1.0,0.0,1.0,0.0,10.77762,1.0,46.777494,1.0,5.549527,1.0,11.511282
1202,1848897720.0,3.0,4.0,156.0,1.0,4.380387,-1.0,2.0,38.535867,1.0,0.0,0.0,0.0,15.011799,2.0,1.165632,0.0,71.766424,0.0,47.777575
6911,1848897725.0,4.0,2.0,47.0,3.0,112.612176,-1.0,4.0,47.036157,2.0,0.0,1.0,0.0,123.087334,2.0,39.31786,0.0,23.566028,1.0,154.232237
6912,1848897730.0,4.0,3.0,134.0,3.0,25.963234,-1.0,3.0,105.93865,2.0,0.0,1.0,0.0,36.348758,4.0,-1.0,0.0,70.0913,1.0,99.698874
1194,1848897734.0,2.0,2.0,106.0,7.0,53.988635,-1.0,4.0,53.185372,1.0,0.0,1.0,0.0,64.568529,3.0,76.642171,1.0,4.671931,1.0,123.249078
1171,1848897740.0,2.0,2.0,92.0,2.0,67.829775,-1.0,2.0,51.577441,1.0,0.0,-1.0,0.0,78.519933,4.0,-1.0,0.0,3.254922,1.0,-1.0
1291,1848897746.0,3.0,4.0,129.0,-1.0,31.080843,-1.0,3.0,53.94174,2.0,-1.0,1.0,0.0,42.046816,3.0,118.730986,1.0,21.819878,1.0,177.04073
6913,1848897748.0,4.0,4.0,108.0,3.0,52.318998,-1.0,3.0,41.707103,1.0,0.0,0.0,0.0,63.04071,3.0,10.172728,0.0,44.064998,0.0,169.858458
1117,1848897752.0,3.0,3.0,109.0,0.0,51.332002,-1.0,2.0,127.288125,2.0,0.0,0.0,0.0,62.181273,3.0,69.510602,0.0,39.055674,0.0,220.150178
1203,1848897758.0,4.0,4.0,135.0,1.0,24.972626,-1.0,4.0,103.842263,1.0,0.0,1.0,0.0,35.549036,3.0,48.129259,0.0,8.254597,1.0,101.040212
6914,1848897763.0,2.0,2.0,158.0,3.0,1.583693,-1.0,-1.0,44.088713,1.0,0.0,1.0,0.0,12.28968,4.0,28.173664,1.0,33.445072,1.0,159.99209
1118,1848897766.0,4.0,3.0,140.0,0.0,20.017593,-1.0,3.0,0.146781,1.0,0.0,1.0,0.0,30.541495,1.0,15.240526,0.0,13.106136,1.0,20.046124
1146,1848897768.0,2.0,2.0,63.0,8.0,96.639523,-1.0,4.0,36.294712,1.0,0.0,1.0,0.0,106.651505,2.0,15.513139,0.0,26.420562,1.0,180.129632
1177,1848897773.0,-1.0,4.0,115.0,6.0,45.34682,-1.0,2.0,1.509176,1.0,0.0,1.0,0.0,55.644231,3.0,6.097489,1.0,9.180626,1.0,171.749277
6915,1848897778.0,2.0,3.0,109.0,3.0,50.716902,-1.0,3.0,98.720251,1.0,0.0,1.0,0.0,61.072557,3.0,35.085625,0.0,28.921192,1.0,99.638283
6916,1848897782.0,2.0,4.0,58.0,3.0,101.859037,-1.0,3.0,55.854834,2.0,0.0,-1.0,0.0,112.62188,-1.0,142.85356,0.0,41.846201,1.0,113.589833
1147,1848897788.0,4.0,3.0,84.0,8.0,75.67938,-1.0,2.0,115.453672,1.0,0.0,1.0,0.0,85.745302,4.0,53.245337,0.0,1.899092,1.0,154.946118
1119,1848897794.0,2.0,3.0,105.0,0.0,54.995391,-1.0,4.0,133.454779,1.0,0.0,1.0,0.0,65.440145,4.0,71.397921,0.0,36.512179,1.0,66.604311
1082,1848897800.0,4.0,4.0,124.0,5.0,36.039028,-1.0,-1.0,38.433781,1.0,0.0,1.0,0.0,46.886935,3.0,-1.0,0.0,75.579929,1.0,191.38082
1083,1848897805.0,4.0,4.0,117.0,5.0,42.976315,-1.0,2.0,19.147634,1.0,0.0,1.0,0.0,53.332378,4.0,56.248514,0.0,23.688417,1.0,135.657807
6917,1848897811.0,3.0,3.0,157.0,3.0,2.591061,-1.0,4.0,80.288051,1.0,0.0,-1.0,0.0,13.406512,1.0,-1.0,0.0,36.453385,1.0,77.73689
6918,1848897814.0,2.0,2.0,150.0,3.0,9.817734,-1.0,4.0,54.695539,1.0,0.0,1.0,0.0,19.944256,3.0,54.730118,1.0,32.723335,1.0,23.792191
1194,1848897820.0,2.0,2.0,146.0,9.0,14.253467,-1.0,2.0,1.866699,1.0,0.0,1.0,0.0,25.071971,4.0,52.138622,1.0,17.432656,1.0,76.131656
1195,1848897826.0,3.0,2.0,131.0,7.0,28.773603,-1.0,3.0,110.788849,0.0,1.0,1.0,1.0,39.103085,1.0,-1.0,0.0,1.014394,1.0,135.202654
1292,1848897829.0,2.0,2.0,48.0,-1.0,112.002709,-1.0,2.0,36.425478,1.0,0.0,1.0,0.0,122.25788,3.0,47.866959,0.0,27.882137,-1.0,117.691741
6919,1848897834.0,2.0,4.0,143.0,3.0,17.318844,-1.0,4.0,16.628187,1.0,0.0,1.0,0.0,28.061168,2.0,82.724567,0.0,10.816495,1.0,3.513626
1084,1848897837.0,3.0,3.0,112.0,5.0,47.729334,-1.0,2.0,11.574638,1.0,0.0,1.0,0.0,57.984,-1.0,85.062735,-1.0,22.654725,1.0,160.093802
1148,1848897843.0,4.0,2.0,95.0,8.0,64.738784,-1.0,2.0,11.685659,1.0,0.0,1.0,0.0,75.056787,3.0,26.334805,0.0,47.27657,1.0,194.498188
1085,1848897845.0,3.0,2.0,85.0,5.0,74.966887,-1.0,2.0,9.438722,0.0,1.0,1.0,1.0,85.294691,4.0,-1.0,-1.0,39.149122,1.0,11.681764
6920,1848897850.0,2.0,3.0,112.0,3.0,48.247588,-1.0,2.0,56.665138,1.0,0.0,-1.0,0.0,58.517864,2.0,118.902303,1.0,4.593106,1.0,6.340377
1120,1848897852.0,4.0,4.0,137.0,0.0,22.955359,-1.0,4.0,52.502728,1.0,0.0,1.0,0.0,33.519926,4.0,43.851546,0.0,17.032285,1.0,80.69915
1121,1848897855.0,4.0,3.0,159.0,0.0,0.777894,-1.0,2.0,51.854593,2.0,0.0,0.0,0.0,11.331453,3.0,12.411525,0.0,9.063634,0.0,246.470323
1178,1848897860.0,4.0,4.0,150.0,6.0,9.961173,-1.0,4.0,51.805099,2.0,0.0,-1.0,0.0,20.015654,3.0,10.051576,1.0,38.891987,0.0,58.103083
6921,1848897862.0,3.0,4.0,67.0,3.0,92.647438,-1.0,3.0,9.774594,0.0,1.0,-1.0,1.0,103.445763,3.0,-1.0,0.0,51.411863,1.0,-1.0
1099,1848897868.0,3.0,3.0,113.0,4.0,47.456588,-1.0,2.0,8.196061,1.0,0.0,-1.0,0.0,57.974438,3.0,20.06661,0.0,15.318807,1.0,30.253716
1172,1848897870.0,4.0,4.0,156.0,2.0,4.266403,-1.0,2.0,7.684176,1.0,-1.0,0.0,0.0,15.171732,3.0,43.992731,0.0,65.140077,0.0,116.45158
1195,1848897875.0,3.0,3.0,80.0,9.0,80.492654,-1.0,2.0,42.754831,2.0,0.0,1.0,0.0,91.276229,1.0,30.381622,0.0,5.917038,-1.0,153.602248
1100,1848897877.0,3.0,2.0,116.0,4.0,44.043391,-1.0,4.0,4.018819,2.0,0.0,1.0,0.0,55.02866,4.0,60.263023,0.0,30.56715,1.0,23.827928
6922,1848897883.0,2.0,4.0,145.0,3.0,15.012986,-1.0,2.0,103.770326,1.0,0.0,-1.0,0.0,25.598416,3.0,16.875714,0.0,33.238968,1.0,45.307516
6923,1848897888.0,2.0,2.0,69.0,3.0,90.720516,-1.0,3.0,-1.0,1.0,0.0,1.0,0.0,101.713413,2.0,33.336785,0.0,37.248492,1.0,2.995019
6924,1848897894.0,4.0,3.0,142.0,3.0,18.020617,-1.0,-1.0,20.706887,1.0,-1.0,0.0,0.0,28.584469,3.0,13.967525,0.0,23.364668,0.0,101.67578
6925,1848897900.0,4.0,3.0,145.0,3.0,15.046142,-1.0,4.0,82.65399,2.0,-1.0,-1.0,0.0,25.134385,-1.0,-1.0,0.0,39.445168,1.0,143.516157
6926,1848897902.0,3.0,2.0,74.0,3.0,-1.0,-1.0,2.0,20.887777,1.0,0.0,0.0,0.0,-1.0,3.0,68.866162,0.0,17.671334,0.0,21.599985
6927,1848897906.0,3.0,2.0,69.0,3.0,90.927614,-1.0,-1.0,87.816621,1.0,0.0,0.0,0.0,101.186432,1.0,44.288681,0.0,23.090569,0.0,129.307704
6928,1848897909.0,4.0,3.0,105.0,3.0,54.892848,-1.0,4.0,40.202531,2.0,0.0,-1.0,0.0,65.471443,2.0,-1.0,0.0,60.560262,1.0,170.0649
1149,1848897915.0,3.0,3.0,126.0,8.0,33.873704,-1.0,2.0,86.548529,1.0,0.0,1.0,0.0,44.120573,1.0,37.045015,0.0,16.468671,1.0,84.85278
1122,1848897918.0,4.0,3.0,64.0,0.0,96.082862,-1.0,3.0,5.336321,0.0,1.0,1.0,1.0,107.069853,-1.0,10.062204,0.0,41.796308,-1.0,85.72109
1173,1848897924.0,-1.0,2.0,133.0,2.0,27.144947,-1.0,2.0,-1.0,2.0,0.0,1.0,0.0,37.48861,3.0,29.552894,0.0,34.792908,1.0,142.559287
6929,1848897928.0,-1.0,4.0,139.0,3.0,21.070327,-1.0,2.0,36.061619,1.0,0.0,1.0,0.0,31.656672,3.0,31.627671,0.0,55.001836,1.0,40.962668
1123,1848897931.0,3.0,2.0,142.0,0.0,18.411452,-1.0,3.0,7.551746,1.0,0.0,1.0,0.0,29.178123,4.0,31.898591,-1.0,1.062318,1.0,106.388047
6930,1848897933.0,4.0,4.0,80.0,3.0,80.193409,-1.0,3.0,51.600842,0.0,1.0,1.0,1.0,91.186191,-1.0,32.313299,-1.0,26.043684,1.0,99.258712
1196,1848897938.0,2.0,3.0,134.0,9.0,26.122633,-1.0,2.0,52.333573,1.0,0.0,-1.0,0.0,36.804033,2.0,32.239502,0.0,10.228914,1.0,223.534421
1086,1848897943.0,4.0,4.0,44.0,5.0,115.630815,-1.0,2.0,30.7196,1.0,0.0,1.0,0.0,126.418396,4.0,39.492585,-1.0,15.457423,1.0,17.212976
1087,1848897948.0,4.0,2.0,13.0,5.0,147.498021,-1.0,3.0,1.716142,1.0,0.0,-1.0,0.0,157.617908,4.0,58.752431,0.0,50.588971,1.0,99.859029
1196,1848897950.0,2.0,2.0,87.0,7.0,72.997548,-1.0,4.0,19.0235,2.0,0.0,0.0,0.0,83.631201,3.0,-1.0,0.0,7.407278,0.0,178.167569
1293,1848897955.0,3.0,4.0,125.0,-1.0,35.215956,-1.0,-1.0,5.621591,1.0,0.0,1.0,0.0,46.153734,4.0,45.630395,1.0,13.066755,1.0,104.057717
1197,1848897961.0,3.0,2.0,117.0,7.0,42.819817,-1.0,3.0,69.753235,1.0,-1.0,1.0,0.0,53.76311,-1.0,127.264536,0.0,11.430055,1.0,52.386651
1198,1848897963.0,4.0,4.0,85.0,7.0,74.869095,-1.0,3.0,21.571783,1.0,0.0,1.0,0.0,85.230448,-1.0,4.869189,1.0,27.337892,1.0,25.890559
1204,1848897965.0,4.0,2.0,148.0,1.0,11.621524,-1.0,4.0,49.202516,1.0,0.0,1.0,0.0,22.435873,3.0,85.384333,0.0,44.522157,1.0,61.38263
6931,1848897967.0,4.0,-1.0,122.0,3.0,38.06157,-1.0,2.0,3.278253,2.0,0.0,1.0,0.0,49.052244,3.0,26.023818,1.0,40.621713,1.0,121.773853
6932,1848897972.0,3.0,4.0,84.0,3.0,76.213382,-1.0,-1.0,119.621626,1.0,0.0,-1.0,0.0,86.87754,3.0,98.195809,1.0,5.034966,1.0,-1.0
1101,1848897978.0,-1.0,4.0,84.0,4.0,76.117113,-1.0,2.0,-1.0,1.0,0.0,1.0,0.0,86.31145,-1.0,31.874231,0.0,10.507442,1.0,32.665312
1294,1848897981.0,4.0,3.0,117.0,-1.0,43.496375,-1.0,-1.0,132.807822,1.0,0.0,-1.0,0.0,54.485243,3.0,-1.0,0.0,21.341106,1.0,198.259737
6933,1848897986.0,3.0,2.0,136.0,3.0,24.361204,-1.0,3.0,71.698552,0.0,1.0,1.0,1.0,34.385335,3.0,99.123512,0.0,91.366836,1.0,112.011993
6934,1848897988.0,2.0,3.0,147.0,3.0,13.248955,-1.0,4.0,-1.0,2.0,0.0,1.0,0.0,23.777402,1.0,11.3021,0.0,18.369512,1.0,138.878859
6935,1848897993.0,4.0,4.0,74.0,3.0,-1.0,-1.0,2.0,30.125772,1.0,0.0,-1.0,0.0,-1.0,3.0,99.416461,1.0,67.151306,1.0,102.910519
1295,1848897999.0,4.0,3.0,111.0,-1.0,48.903964,-1.0,3.0,74.818894,1.0,-1.0,1.0,0.0,59.033871,3.0,13.731672,0.0,8.892372,1.0,5.827189
1088,1848898005.0,3.0,3.0,154.0,5.0,5.603085,-1.0,3.0,51.597459,1.0,-1.0,-1.0,0.0,16.410157,-1.0,25.849779,1.0,14.994293,1.0,63.102177
1179,1848898010.0,4.0,2.0,128.0,6.0,31.755667,-1.0,-1.0,24.583124,0.0,1.0,0.0,1.0,42.145137,3.0,70.174381,0.0,66.081171,0.0,36.451666
6936,1848898014.0,2.0,2.0,154.0,3.0,5.889828,-1.0,4.0,14.255357,1.0,0.0,1.0,0.0,16.540616,1.0,82.834513,0.0,25.137697,1.0,160.373845
1124,1848898017.0,3.0,4.0,112.0,0.0,48.144595,-1.0,-1.0,90.224631,1.0,0.0,1.0,0.0,58.525526,2.0,5.565887,0.0,19.770186,1.0,38.006453
1199,1848898022.0,4.0,2.0,76.0,7.0,83.829235,-1.0,3.0,24.305513,1.0,0.0,1.0,0.0,93.843983,3.0,-1.0,0.0,30.149574,1.0,38.767412
1174,1848898026.0,3.0,2.0,146.0,2.0,13.74302,-1.0,4.0,15.407963,1.0,0.0,1.0,0.0,24.377753,3.0,156.334283,0.0,16.815568,1.0,161.49525
6937,1848898030.0,3.0,2.0,124.0,3.0,35.673199,-1.0,2.0,14.516982,1.0,0.0,0.0,0.0,46.650809,2.0,81.059986,0.0,4.186026,0.0,108.27679
6938,1848898032.0,3.0,4.0,47.0,3.0,113.006936,-1.0,3.0,38.821717,1.0,0.0,1.0,0.0,123.160319,3.0,55.96854,0.0,85.123674,1.0,238.238275
6939,1848898038.0,2.0,3.0,130.0,3.0,30.338073,-1.0,4.0,56.508977,1.0,0.0,-1.0,0.0,40.477097,1.0,41.352036,0.0,13.087011,1.0,45.653854
1197,1848898040.0,2.0,3.0,81.0,9.0,79.397504,-1.0,3.0,25.174926,1.0,0.0,1.0,0.0,89.830806,4.0,30.871626,1.0,21.84748,1.0,141.334226
6940,1848898044.0,2.0,4.0,64.0,3.0,95.931066,-1.0,-1.0,21.297763,1.0,0.0,1.0,0.0,106.68446,3.0,1.140778,0.0,8.433021,1.0,150.617459
6941,1848898050.0,3.0,3.0,135.0,3.0,24.926791,-1.0,3.0,36.860614,1.0,0.0,-1.0,0.0,35.016967,3.0,66.425926,0.0,40.61121,1.0,133.185273
1180,1848898056.0,3.0,2.0,74.0,6.0,-1.0,-1.0,2.0,37.579994,1.0,0.0,1.0,0.0,-1.0,4.0,1.940265,-1.0,31.564559,-1.0,54.618576
1198,1848898061.0,4.0,3.0,120.0,9.0,40.000346,-1.0,-1.0,44.356436,0.0,1.0,-1.0,1.0,50.607003,3.0,25.436172,0.0,33.066182,0.0,119.563868
6942,1848898066.0,4.0,2.0,74.0,3.0,-1.0,-1.0,4.0,6.804952,2.0,0.0,1.0,0.0,-1.0,3.0,13.016812,0.0,54.043889,1.0,53.681814
1296,1848898069.0,4.0,3.0,40.0,-1.0,120.455947,-1.0,-1.0,4.744589,1.0,0.0,1.0,0.0,130.87545,4.0,21.462681,1.0,4.389339,1.0,48.345063
1200,1848898072.0,3.0,4.0,135.0,7.0,25.256761,-1.0,3.0,78.854699,1.0,0.0,1.0,0.0,36.079923,3.0,-1.0,0.0,16.221289,1.0,89.624604
1089,1848898076.0,4.0,2.0,138.0,5.0,22.428169,-1.0,3.0,2.661953,1.0,0.0,1.0,0.0,32.922798,2.0,-1.0,1.0,7.232481,1.0,201.957009
1199,1848898078.0,3.0,3.0,140.0,9.0,19.967525,-1.0,4.0,21.852198,1.0,0.0,1.0,0.0,30.359345,1.0,0.124379,0.0,1.81579,1.0,98.379934
6943,1848898082.0,4.0,2.0,160.0,3.0,0.152298,-1.0,2.0,58.674604,1.0,0.0,1.0,0.0,10.311631,3.0,17.506213,0.0,61.686092,1.0,126.175966
1200,1848898085.0,-1.0,2.0,144.0,9.0,16.16455,-1.0,3.0,5.461149,1.0,0.0,1.0,0.0,26.916346,3.0,9.104215,0.0,13.502125,1.0,48.617864
1205,1848898087.0,4.0,2.0,144.0,1.0,16.064084,-1.0,4.0,3.890775,1.0,0.0,1.0,0.0,26.648961,3.0,55.337216,0.0,17.301212,1.0,87.553389
6944,1848898092.0,3.0,3.0,134.0,3.0,26.148467,-1.0,2.0,50.48091,2.0,0.0,1.0,0.0,37.08956,3.0,70.091963,0.0,17.443155,1.0,140.028047
1297,1848898095.0,4.0,-1.0,159.0,-1.0,1.445427,-1.0,-1.0,48.698676,2.0,0.0,1.0,0.0,11.601958,4.0,8.142885,-1.0,16.920047,1.0,54.896295
1102,1848898099.0,4.0,3.0,109.0,4.0,51.411612,-1.0,2.0,43.104357,2.0,0.0,1.0,0.0,61.521142,-1.0,55.577365,-1.0,35.375903,1.0,66.513587
1150,1848898105.0,2.0,2.0,106.0,8.0,54.028996,-1.0,3.0,37.909917,2.0,0.0,-1.0,0.0,64.03272,3.0,29.154729,0.0,65.526462,1.0,57.770998
6945,1848898110.0,4.0,3.0,70.0,3.0,89.642082,-1.0,2.0,1.211242,1.0,0.0,1.0,0.0,100.584099,4.0,89.079473,0.0,11.539064,1.0,18.158996
6946,1848898114.0,3.0,3.0,77.0,3.0,82.926376,-1.0,4.0,5.318475,2.0,0.0,1.0,0.0,93.875105,2.0,34.678237,0.0,10.036987,1.0,243.724054
6947,1848898117.0,4.0,4.0,145.0,3.0,14.681759,-1.0,-1.0,10.72804,1.0,-1.0,1.0,0.0,24.937283,1.0,2.117555,-1.0,7.040402,1.0,93.66438
1090,1848898119.0,-1.0,2.0,98.0,5.0,62.268822,-1.0,2.0,51.414456,1.0,0.0,1.0,0.0,72.39403,2.0,8.35432,1.0,9.212046,1.0,49.94657
6948,1848898125.0,3.0,3.0,139.0,3.0,21.268949,-1.0,4.0,-1.0,1.0,-1.0,0.0,0.0,31.800216,1.0,2.776838,0.0,28.039715,0.0,162.189065
1201,1848898131.0,2.0,4.0,75.0,7.0,84.588269,-1.0,2.0,133.501159,1.0,0.0,1.0,0.0,95.046123,3.0,31.5829,0.0,24.849549,1.0,132.162333
1125,1848898133.0,3.0,4.0,149.0,0.0,10.574583,-1.0,3.0,1.652636,1.0,0.0,1.0,0.0,20.809853,3.0,73.845632,0.0,23.829216,1.0,130.967855
1091,1848898138.0,3.0,3.0,74.0,5.0,-1.0,-1.0,2.0,66.358639,1.0,0.0,1.0,0.0,-1.0,3.0,32.463812,0.0,52.384302,1.0,214.23182
1206,1848898143.0,4.0,4.0,131.0,1.0,28.656331,-1.0,3.0,70.492409,1.0,0.0,-1.0,0.0,39.637008,4.0,-1.0,0.0,33.490927,1.0,130.457611
1126,1848898147.0,2.0,3.0,138.0,0.0,21.785001,-1.0,4.0,64.253226,1.0,0.0,1.0,0.0,32.657466,2.0,11.840927,0.0,0.909102,1.0,12.039095
1181,1848898153.0,3.0,4.0,109.0,6.0,50.803251,-1.0,3.0,104.605523,2.0,0.0,0.0,0.0,61.39298,1.0,-1.0,-1.0,26.32067,0.0,4.622364
1103,1848898155.0,4.0,2.0,62.0,4.0,98.403429,-1.0,2.0,6.426708,2.0,0.0,1.0,0.0,108.60627,1.0,128.850805,0.0,23.655512,1.0,100.095036
6949,1848898161.0,3.0,4.0,74.0,3.0,-1.0,-1.0,3.0,19.60147,1.0,0.0,1.0,0.0,-1.0,1.0,122.234611,0.0,4.310228,1.0,35.801373
6950,1848898163.0,4.0,2.0,155.0,3.0,4.579493,-1.0,-1.0,35.924634,1.0,0.0,1.0,0.0,15.527908,-1.0,25.753392,0.0,32.224422,-1.0,87.672411
1151,1848898167.0,-1.0,3.0,83.0,8.0,76.809296,-1.0,2.0,35.025497,2.0,-1.0,-1.0,0.0,87.456827,4.0,80.519133,0.0,86.117654,1.0,131.988189
6951,1848898173.0,4.0,3.0,156.0,3.0,4.360216,-1.0,3.0,23.63256,1.0,0.0,1.0,0.0,14.84323,3.0,-1.0,0.0,13.980934,1.0,153.083983
1175,1848898179.0,-1.0,4.0,92.0,2.0,68.147844,-1.0,3.0,38.01239,1.0,0.0,-1.0,0.0,78.229948,3.0,-1.0,0.0,12.083994,1.0,251.851801
6952,1848898184.0,4.0,3.0,84.0,3.0,75.88641,-1.0,-1.0,22.723969,1.0,0.0,1.0,0.0,86.57092,4.0,-1.0,-1.0,22.661337,1.0,184.133267
1104,1848898187.0,2.0,-1.0,20.0,4.0,139.884884,-1.0,3.0,14.810158,2.0,0.0,1.0,0.0,149.968657,2.0,63.871518,0.0,35.945575,1.0,43.464048
6953,1848898192.0,3.0,3.0,158.0,3.0,1.872376,-1.0,2.0,-1.0,0.0,1.0,1.0,1.0,12.862652,3.0,54.352362,1.0,18.982911,1.0,105.06729
6954,1848898198.0,2.0,2.0,159.0,3.0,0.570875,-1.0,3.0,98.853686,1.0,0.0,0.0,0.0,10.858706,3.0,92.410445,0.0,37.669551,0.0,90.190988
1201,1848898204.0,2.0,4.0,145.0,9.0,15.277459,-1.0,2.0,43.091432,2.0,0.0,-1.0,0.0,25.754892,1.0,38.944029,0.0,3.644165,1.0,14.980079
6955,1848898207.0,2.0,-1.0,156.0,3.0,3.895384,-1.0,-1.0,-1.0,1.0,0.0,1.0,0.0,14.638678,3.0,26.812696,0.0,10.607268,1.0,-1.0
1105,1848898212.0,3.0,2.0,133.0,4.0,26.620395,-1.0,3.0,66.852838,1.0,0.0,0.0,0.0,36.794963,4.0,60.93438,0.0,33.116356,0.0,234.452607
1202,1848898215.0,2.0,2.0,112.0,9.0,48.072545,-1.0,2.0,38.70536,1.0,0.0,1.0,0.0,58.248046,1.0,26.06914,0.0,30.860023,1.0,2.280668
1152,1848898221.0,3.0,3.0,49.0,8.0,111.235868,-1.0,2.0,18.905237,2.0,0.0,1.0,0.0,122.04766,3.0,76.42951,0.0,32.964609,1.0,101.056574
1182,1848898224.0,-1.0,2.0,93.0,6.0,66.58911,-1.0,2.0,49.532849,2.0,-1.0,1.0,0.0,76.631832,3.0,96.661466,-1.0,7.005544,-1.0,113.955558
6956,1848898227.0,4.0,2.0,159.0,3.0,0.908894,-1.0,4.0,51.059338,1.0,0.0,1.0,0.0,11.437889,1.0,16.402106,0.0,27.658946,1.0,6.401904
6957,1848898233.0,3.0,3.0,41.0,3.0,118.509595,-1.0,4.0,23.586272,1.0,0.0,-1.0,0.0,128.732332,2.0,62.405969,1.0,12.331638,1.0,27.287112
1202,1848898235.0,3.0,3.0,150.0,7.0,9.823572,-1.0,3.0,63.512835,1.0,0.0,0.0,0.0,20.421981,1.0,15.459996,-1.0,4.779103,0.0,79.531042
6958,1848898237.0,3.0,2.0,114.0,3.0,45.662013,-1.0,3.0,64.467839,1.0,0.0,1.0,0.0,55.922048,3.0,35.592109,-1.0,48.108166,1.0,45.123043
1153,1848898240.0,2.0,4.0,132.0,8.0,27.964839,-1.0,-1.0,21.128717,1.0,0.0,1.0,0.0,38.795236,2.0,63.113946,0.0,50.297779,1.0,81.028977
6959,1848898242.0,3.0,2.0,149.0,3.0,10.986395,-1.0,2.0,44.095868,1.0,0.0,1.0,0.0,21.963512,3.0,93.836354,0.0,33.166771,-1.0,228.705183
1183,1848898247.0,3.0,3.0,61.0,6.0,99.077309,-1.0,3.0,-1.0,1.0,0.0,-1.0,0.0,109.635586,3.0,31.33735,1.0,45.662821,1.0,141.081354
1203,1848898252.0,2.0,2.0,88.0,7.0,71.508745,-1.0,3.0,36.193839,1.0,0.0,1.0,0.0,82.313204,3.0,58.896149,0.0,32.939033,1.0,144.20239
1207,1848898258.0,2.0,4.0,147.0,1.0,13.181264,-1.0,4.0,5.021325,1.0,0.0,0.0,0.0,23.269715,1.0,45.156112,0.0,2.430406,0.0,75.098236
6960,1848898262.0,4.0,2.0,59.0,3.0,100.567191,-1.0,3.0,10.44897,1.0,0.0,1.0,0.0,110.79233,-1.0,63.493266,0.0,3.010506,1.0,103.245935
1184,1848898268.0,3.0,3.0,125.0,6.0,35.255221,-1.0,4.0,-1.0,0.0,1.0,1.0,1.0,45.555536,3.0,118.195491,0.0,19.167015,1.0,131.6128
1298,1848898272.0,3.0,4.0,100.0,-1.0,59.922048,-1.0,3.0,31.455642,1.0,0.0,1.0,0.0,70.350966,2.0,22.298909,0.0,15.906144,1.0,259.755386
1299,1848898276.0,4.0,3.0,137.0,-1.0,22.599967,-1.0,4.0,7.198959,0.0,1.0,1.0,1.0,33.007734,2.0,7.663834,1.0,50.039214,1.0,152.903813
1106,1848898279.0,3.0,3.0,151.0,4.0,9.292584,-1.0,4.0,-1.0,1.0,0.0,1.0,0.0,19.930037,-1.0,89.00085,-1.0,22.142245,1.0,12.485768
6961,1848898281.0,2.0,3.0,133.0,3.0,26.853793,-1.0,4.0,27.950438,1.0,0.0,1.0,0.0,37.617168,3.0,97.153228,1.0,26.526251,1.0,68.08945
1300,1848898287.0,2.0,2.0,102.0,-1.0,57.571609,-1.0,4.0,67.085512,1.0,0.0,1.0,0.0,68.221976,3.0,25.49666,0.0,3.87985,-1.0,225.454555
6962,1848898292.0,2.0,4.0,126.0,3.0,34.421535,-1.0,4.0,89.988331,1.0,0.0,-1.0,0.0,45.199497,4.0,-1.0,0.0,31.284077,1.0,92.513457
6963,1848898295.0,4.0,4.0,99.0,3.0,61.061449,-1.0,4.0,45.494621,0.0,1.0,1.0,1.0,71.270514,3.0,54.085968,0.0,69.161949,1.0,90.001858
1185,1848898298.0,2.0,3.0,135.0,6.0,24.572257,-1.0,3.0,26.462994,2.0,0.0,1.0,0.0,35.414547,-1.0,26.062501,0.0,14.556978,1.0,25.946675
1186,1848898300.0,2.0,3.0,62.0,6.0,97.913522,-1.0,2.0,42.14906,0.0,1.0,1.0,1.0,108.514013,3.0,52.900095,0.0,62.388404,1.0,130.078693
1154,1848898306.0,4.0,3.0,81.0,8.0,78.740196,-1.0,3.0,9.848181,1.0,0.0,1.0,0.0,88.854558,3.0,20.945489,0.0,18.825569,1.0,124.761975
1092,1848898308.0,-1.0,3.0,155.0,5.0,5.104055,-1.0,4.0,20.828695,0.0,1.0,0.0,1.0,16.020509,3.0,79.61798,0.0,39.486543,0.0,6.751055
1107,1848898311.0,4.0,3.0,159.0,4.0,1.372297,-1.0,-1.0,16.476131,2.0,0.0,-1.0,0.0,11.689255,3.0,65.031966,0.0,27.945678,1.0,46.905001
6964,1848898317.0,2.0,2.0,135.0,3.0,25.47523,-1.0,3.0,16.383818,1.0,0.0,-1.0,0.0,36.384136,2.0,7.377322,0.0,23.928166,1.0,4.935281
1176,1848898321.0,-1.0,4.0,134.0,2.0,26.496545,-1.0,-1.0,112.026148,0.0,1.0,0.0,1.0,37.263529,-1.0,22.048248,0.0,50.010224,0.0,4.821187
6965,1848898325.0,3.0,2.0,143.0,3.0,16.599666,-1.0,2.0,13.291882,0.0,1.0,1.0,1.0,27.533269,4.0,40.224452,1.0,14.792501,1.0,242.107943
6966,1848898328.0,2.0,2.0,107.0,3.0,53.075253,-1.0,-1.0,72.026324,2.0,0.0,1.0,0.0,63.593169,-1.0,3.429989,0.0,25.350147,1.0,47.155871
1155,1848898331.0,2.0,4.0,145.0,8.0,14.671116,-1.0,3.0,55.893246,2.0,0.0,1.0,0.0,25.423291,3.0,-1.0,1.0,33.660908,1.0,160.529664
1301,1848898337.0,3.0,4.0,151.0,-1.0,8.665905,-1.0,3.0,25.453839,2.0,0.0,1.0,0.0,19.222971,1.0,63.533167,0.0,42.153359,1.0,117.804756
6967,1848898343.0,3.0,4.0,126.0,3.0,33.502189,-1.0,-1.0,-1.0,2.0,0.0,1.0,0.0,44.171129,3.0,78.314907,1.0,11.198717,1.0,200.892818
1093,1848898349.0,2.0,4.0,126.0,5.0,33.89079,-1.0,4.0,76.279803,2.0,-1.0,1.0,0.0,44.563236,3.0,59.502611,0.0,25.993222,1.0,-1.0
1208,1848898354.0,2.0,3.0,139.0,1.0,20.503003,-1.0,4.0,56.311529,2.0,0.0,1.0,0.0,31.202133,3.0,44.179581,-1.0,39.948763,-1.0,81.908339
6968,1848898356.0,3.0,2.0,102.0,3.0,57.661356,-1.0,4.0,80.358947,1.0,0.0,1.0,0.0,67.697428,3.0,41.732548,0.0,18.949616,-1.0,67.801577
6969,1848898360.0,2.0,3.0,142.0,3.0,18.469907,-1.0,2.0,64.657834,1.0,0.0,-1.0,0.0,28.500028,4.0,10.250595,0.0,72.170018,0.0,83.86855
1203,1848898365.0,3.0,3.0,120.0,9.0,40.024209,-1.0,2.0,36.389648,0.0,1.0,1.0,1.0,50.459636,3.0,35.076685,1.0,38.154069,1.0,63.357898
6970,1848898369.0,3.0,4.0,159.0,3.0,0.579877,-1.0,4.0,-1.0,1.0,0.0,1.0,0.0,10.992316,4.0,138.008853,-1.0,12.109518,1.0,7.352552
6971,1848898374.0,2.0,4.0,158.0,3.0,1.553407,-1.0,4.0,61.471208,1.0,0.0,1.0,0.0,12.129009,3.0,34.563514,-1.0,8.616399,1.0,120.847863
1209,1848898376.0,4.0,2.0,150.0,1.0,9.877883,-1.0,2.0,43.587996,1.0,0.0,1.0,0.0,20.619806,3.0,22.034105,0.0,58.783157,1.0,111.576411
6972,1848898382.0,-1.0,4.0,106.0,3.0,53.591672,-1.0,2.0,36.359972,1.0,-1.0,1.0,0.0,64.393317,4.0,36.347827,0.0,13.152234,1.0,92.903501
1108,1848898385.0,2.0,3.0,90.0,4.0,70.217349,-1.0,3.0,65.738427,1.0,0.0,0.0,0.0,80.642262,3.0,111.156917,0.0,28.15252,0.0,140.132875
1177,1848898388.0,3.0,2.0,121.0,2.0,38.96209,-1.0,4.0,0.442805,2.0,-1.0,1.0,0.0,49.578428,2.0,31.996931,0.0,18.103568,1.0,99.504625
1187,1848898390.0,4.0,3.0,73.0,6.0,86.989694,-1.0,4.0,143.064202,2.0,-1.0,0.0,0.0,97.816895,4.0,128.078696,0.0,15.873573,0.0,46.152005
6973,1848898396.0,4.0,4.0,103.0,3.0,57.05825,-1.0,-1.0,52.252503,1.0,0.0,1.0,0.0,67.350426,3.0,97.891456,0.0,7.65663,1.0,170.910543
1109,1848898399.0,4.0,2.0,156.0,4.0,3.990651,-1.0,4.0,10.432858,1.0,-1.0,1.0,0.0,14.890504,3.0,6.411176,0.0,24.072444,1.0,206.896368
1204,1848898401.0,4.0,4.0,74.0,7.0,85.553656,-1.0,3.0,16.675022,0.0,1.0,-1.0,1.0,95.569396,2.0,2.917096,0.0,69.549946,1.0,10.84236
6974,1848898406.0,2.0,4.0,148.0,3.0,12.316375,-1.0,3.0,128.171839,1.0,-1.0,1.0,0.0,23.226984,1.0,126.64287,-1.0,1.189573,1.0,79.759812
1205,1848898412.0,4.0,2.0,145.0,7.0,14.939754,-1.0,2.0,5.222225,2.0,0.0,1.0,0.0,25.233095,3.0,42.581504,1.0,54.799806,1.0,116.504272
1204,1848898416.0,3.0,2.0,156.0,9.0,4.499028,-1.0,2.0,26.353289,1.0,0.0,1.0,0.0,15.281538,3.0,66.149243,0.0,28.38717,1.0,230.442795
1205,1848898420.0,4.0,4.0,112.0,9.0,47.755753,-1.0,4.0,23.682599,1.0,0.0,1.0,0.0,58.649779,1.0,44.975884,0.0,62.91594,1.0,217.872726
1127,1848898425.0,4.0,2.0,146.0,0.0,14.435487,-1.0,4.0,38.703849,1.0,0.0,1.0,0.0,25.101355,2.0,76.96756,0.0,9.533813,1.0,19.490963
1110,1848898428.0,4.0,3.0,123.0,4.0,36.551896,-1.0,3.0,69.555026,1.0,0.0,1.0,0.0,47.115084,3.0,33.38673,0.0,52.90341,1.0,46.725782
1206,1848898431.0,2.0,3.0,135.0,9.0,25.037343,-1.0,3.0,-1.0,2.0,0.0,-1.0,0.0,35.497094,2.0,18.916385,0.0,20.12072,1.0,120.133941
6975,1848898437.0,3.0,2.0,68.0,3.0,92.052925,-1.0,4.0,85.420644,1.0,0.0,-1.0,0.0,102.832715,4.0,-1.0,1.0,88.526009,1.0,132.11809
1206,1848898442.0,3.0,4.0,158.0,7.0,1.925772,-1.0,2.0,48.511184,1.0,0.0,1.0,0.0,12.235088,3.0,20.154291,-1.0,36.951589,1.0,19.349425
1156,1848898444.0,4.0,4.0,121.0,8.0,39.481035,-1.0,3.0,38.872697,1.0,0.0,1.0,0.0,50.01768,3.0,46.293617,0.0,67.804866,1.0,76.073196
6976,1848898449.0,4.0,4.0,115.0,3.0,45.102164,-1.0,3.0,1.217958,1.0,0.0,1.0,0.0,55.387703,3.0,48.033805,1.0,23.271567,1.0,166.984878
6977,1848898454.0,4.0,2.0,120.0,3.0,39.90957,-1.0,4.0,18.562845,2.0,0.0,1.0,0.0,50.334462,-1.0,98.29467,-1.0,41.693854,1.0,10.640589
1178,1848898460.0,4.0,2.0,118.0,2.0,41.987249,-1.0,2.0,32.587119,1.0,0.0,0.0,0.0,52.103876,1.0,41.465846,1.0,9.400223,0.0,35.745033
6978,1848898465.0,2.0,3.0,59.0,3.0,100.640008,-1.0,2.0,3.437962,1.0,0.0,-1.0,0.0,111.447086,3.0,12.696339,-1.0,15.786697,1.0,75.097364
1157,1848898470.0,2.0,3.0,116.0,8.0,43.633259,-1.0,-1.0,25.354431,1.0,0.0,1.0,0.0,53.656247,4.0,102.069174,0.0,17.387128,1.0,127.685097
1128,1848898472.0,2.0,4.0,95.0,0.0,64.536899,-1.0,3.0,50.281668,1.0,-1.0,1.0,0.0,74.980645,3.0,104.026594,-1.0,16.110361,1.0,30.154253
1129,1848898476.0,3.0,3.0,151.0,0.0,9.193383,-1.0,3.0,2.343053,1.0,0.0,1.0,0.0,19.271455,3.0,45.387267,0.0,17.016893,1.0,112.605241
1210,1848898480.0,2.0,3.0,124.0,1.0,35.662596,-1.0,2.0,37.597452,1.0,0.0,1.0,0.0,46.661685,4.0,23.509446,0.0,22.30385,1.0,125.269194
6979,1848898482.0,3.0,3.0,136.0,3.0,24.294336,-1.0,-1.0,31.485905,1.0,0.0,1.0,0.0,34.58911,3.0,23.102428,0.0,48.798659,-1.0,113.749078
1211,1848898486.0,3.0,2.0,155.0,1.0,5.258548,-1.0,4.0,21.316349,1.0,0.0,1.0,0.0,16.01451,2.0,56.022881,0.0,15.749563,1.0,141.883507
6980,1848898488.0,3.0,4.0,113.0,3.0,47.204883,-1.0,3.0,1.759174,2.0,0.0,1.0,0.0,58.110226,-1.0,-1.0,0.0,2.581224,1.0,65.555312
1179,1848898491.0,3.0,2.0,53.0,2.0,106.753005,-1.0,3.0,16.31553,1.0,0.0,1.0,0.0,117.387633,4.0,-1.0,0.0,24.642013,1.0,108.082863
1302,1848898493.0,2.0,3.0,157.0,-1.0,2.930804,-1.0,3.0,-1.0,0.0,1.0,-1.0,1.0,13.789287,3.0,-1.0,0.0,83.659949,1.0,13.557454
1212,1848898496.0,-1.0,4.0,137.0,1.0,22.721861,-1.0,2.0,116.337831,2.0,0.0,0.0,0.0,33.319465,2.0,55.680061,0.0,29.858048,0.0,37.185712
1094,1848898500.0,2.0,3.0,46.0,5.0,114.213472,-1.0,4.0,11.913444,1.0,0.0,1.0,0.0,125.072866,3.0,13.835778,0.0,24.646979,1.0,104.276194
1158,1848898505.0,2.0,4.0,74.0,8.0,-1.0,-1.0,2.0,44.554588,2.0,0.0,-1.0,0.0,-1.0,4.0,21.691965,0.0,57.096871,1.0,116.972472
6981,1848898507.0,-1.0,4.0,41.0,3.0,119.482628,-1.0,4.0,23.345607,1.0,0.0,1.0,0.0,130.426086,3.0,11.882828,0.0,32.961787,1.0,65.842835
6982,1848898510.0,4.0,3.0,72.0,3.0,87.978865,-1.0,3.0,106.584628,1.0,-1.0,1.0,0.0,98.438242,3.0,62.954788,0.0,56.13434,1.0,26.602859
1188,1848898514.0,2.0,2.0,74.0,6.0,-1.0,-1.0,2.0,24.194476,1.0,0.0,1.0,0.0,-1.0,3.0,28.896594,0.0,71.297017,1.0,217.087685
1207,1848898518.0,2.0,3.0,39.0,7.0,121.15805,-1.0,3.0,7.976814,0.0,1.0,1.0,1.0,132.065208,3.0,36.867932,-1.0,8.290957,-1.0,9.055857
1180,1848898523.0,2.0,3.0,97.0,2.0,62.679225,-1.0,-1.0,46.632252,2.0,0.0,1.0,0.0,73.545405,-1.0,41.317033,0.0,5.193085,1.0,171.762478
1095,1848898525.0,4.0,-1.0,54.0,5.0,105.785478,-1.0,2.0,21.10647,1.0,0.0,1.0,0.0,116.147621,-1.0,-1.0,0.0,17.938302,1.0,-1.0
1208,1848898529.0,4.0,3.0,151.0,7.0,8.561202,-1.0,2.0,134.191476,0.0,1.0,1.0,1.0,19.121892,1.0,30.875081,0.0,14.511797,1.0,34.443789
6983,1848898531.0,-1.0,3.0,153.0,3.0,7.350231,-1.0,4.0,102.235335,2.0,0.0,1.0,0.0,17.420221,3.0,85.098317,1.0,47.614162,1.0,149.180083
1213,1848898533.0,3.0,3.0,103.0,1.0,56.948495,-1.0,4.0,36.469487,1.0,0.0,0.0,0.0,67.436012,3.0,8.362878,-1.0,59.461705,0.0,153.526743
1130,1848898539.0,3.0,3.0,104.0,0.0,56.002761,-1.0,4.0,54.522285,1.0,0.0,1.0,0.0,66.4357,2.0,121.976061,0.0,77.751318,1.0,94.583727
1131,1848898543.0,3.0,4.0,158.0,0.0,2.42306,-1.0,2.0,11.383887,2.0,0.0,1.0,0.0,12.747498,3.0,-1.0,0.0,19.239475,1.0,7.855343
1096,1848898545.0,3.0,2.0,139.0,5.0,21.143275,-1.0,2.0,37.600843,2.0,0.0,1.0,0.0,31.172858,1.0,11.684685,0.0,52.666334,1.0,119.288174
1111,1848898547.0,2.0,3.0,60.0,4.0,100.049225,-1.0,4.0,13.132012,2.0,0.0,1.0,0.0,110.145679,3.0,-1.0,1.0,14.887869,1.0,165.550438
1112,1848898553.0,4.0,3.0,147.0,4.0,13.457608,-1.0,3.0,-1.0,2.0,0.0,1.0,0.0,24.442997,-1.0,-1.0,1.0,4.559961,1.0,-1.0
1132,1848898556.0,3.0,3.0,95.0,0.0,64.987116,-1.0,3.0,2.394225,1.0,-1.0,-1.0,0.0,75.043065,3.0,-1.0,0.0,6.474527,1.0,100.407152
6984,1848898559.0,4.0,4.0,155.0,3.0,4.619954,-1.0,4.0,60.846781,1.0,0.0,1.0,0.0,15.377491,-1.0,92.740356,1.0,42.819924,1.0,22.353309
1133,1848898564.0,4.0,3.0,75.0,0.0,84.55017,-1.0,4.0,35.761029,1.0,-1.0,0.0,0.0,94.963549,2.0,7.551679,0.0,42.072508,0.0,4.146593
6985,1848898567.0,3.0,2.0,152.0,3.0,7.573159,-1.0,3.0,-1.0,1.0,0.0,1.0,0.0,18.26589,4.0,125.034865,0.0,94.064577,1.0,23.835979
6986,1848898571.0,4.0,3.0,153.0,3.0,6.71498,-1.0,3.0,18.624535,2.0,0.0,1.0,0.0,16.770295,3.0,12.425058,0.0,73.538247,1.0,33.590288
1159,1848898577.0,3.0,4.0,49.0,8.0,110.645359,-1.0,4.0,80.353659,1.0,0.0,-1.0,0.0,121.453293,-1.0,55.261027,0.0,37.894991,1.0,20.075362
1181,1848898580.0,4.0,4.0,132.0,2.0,27.646732,-1.0,4.0,59.519926,1.0,0.0,-1.0,0.0,38.199987,3.0,2.957351,-1.0,4.859743,1.0,23.711513
6987,1848898586.0,2.0,4.0,35.0,3.0,124.727944,-1.0,2.0,34.293654,1.0,0.0,0.0,0.0,135.348985,3.0,89.15502,-1.0,71.361183,0.0,113.536215
1134,1848898588.0,3.0,4.0,45.0,0.0,115.260592,-1.0,2.0,27.421087,0.0,1.0,1.0,1.0,126.149575,3.0,34.028828,0.0,14.816116,1.0,120.824946
6988,1848898593.0,4.0,4.0,70.0,3.0,89.895144,-1.0,2.0,92.788684,2.0,0.0,0.0,0.0,100.743086,1.0,-1.0,1.0,56.33439,0.0,98.045491
6989,1848898597.0,3.0,2.0,117.0,3.0,43.038322,-1.0,2.0,17.222703,1.0,0.0,1.0,0.0,53.572397,3.0,41.518603,0.0,42.683793,1.0,216.432218
1113,1848898599.0,4.0,4.0,97.0,4.0,62.822672,-1.0,2.0,19.016227,2.0,0.0,1.0,0.0,72.827203,1.0,75.88113,1.0,10.066471,1.0,185.366217
6990,1848898604.0,3.0,4.0,159.0,3.0,1.381322,-1.0,3.0,111.872054,1.0,0.0,1.0,0.0,11.54197,3.0,28.420224,1.0,8.883537,1.0,3.762193
1097,1848898606.0,2.0,3.0,151.0,5.0,8.957459,-1.0,3.0,22.306498,1.0,0.0,1.0,0.0,19.906572,3.0,82.505285,0.0,5.325801,1.0,129.084592
1189,1848898609.0,3.0,2.0,126.0,6.0,33.552647,-1.0,3.0,136.422017,2.0,0.0,0.0,0.0,44.035443,2.0,19.326572,0.0,17.360667,0.0,124.518587
1182,1848898615.0,4.0,2.0,74.0,2.0,-1.0,-1.0,4.0,34.937667,1.0,-1.0,0.0,0.0,-1.0,2.0,8.359622,-1.0,5.236687,0.0,44.469325
6991,1848898618.0,4.0,4.0,117.0,3.0,43.438592,-1.0,4.0,73.015199,1.0,0.0,1.0,0.0,53.881542,1.0,-1.0,0.0,14.488344,1.0,5.66295
1160,1848898624.0,4.0,3.0,129.0,8.0,31.457268,-1.0,-1.0,32.852457,2.0,0.0,1.0,0.0,42.139454,1.0,2.614049,1.0,15.36212,-1.0,159.128779
6992,1848898626.0,3.0,4.0,61.0,3.0,98.982071,-1.0,3.0,91.338043,1.0,0.0,-1.0,0.0,109.627622,3.0,22.003015,0.0,32.014661,1.0,86.179401
6993,1848898629.0,3.0,-1.0,77.0,3.0,82.893978,-1.0,-1.0,58.018559,1.0,0.0,1.0,0.0,92.912196,2.0,46.989562,0.0,13.756106,1.0,78.300952
1214,1848898635.0,4.0,3.0,126.0,1.0,33.918651,-1.0,2.0,57.606677,1.0,0.0,1.0,0.0,44.205984,3.0,27.50712,0.0,4.149293,1.0,50.783326
1098,1848898638.0,2.0,4.0,150.0,5.0,10.452575,-1.0,4.0,86.131641,0.0,1.0,1.0,1.0,21.219434,-1.0,44.732196,1.0,13.772504,1.0,99.245965
1215,1848898641.0,4.0,-1.0,78.0,1.0,81.720063,-1.0,4.0,39.560493,1.0,0.0,1.0,0.0,92.303889,4.0,-1.0,0.0,5.404168,1.0,40.218243
1114,1848898646.0,2.0,3.0,143.0,4.0,17.066576,-1.0,4.0,17.809491,1.0,0.0,0.0,0.0,27.855192,3.0,17.469649,1.0,55.121268,0.0,15.745408
1207,1848898649.0,3.0,2.0,154.0,9.0,5.624432,-1.0,2.0,-1.0,1.0,0.0,1.0,0.0,16.386733,3.0,-1.0,0.0,39.402124,-1.0,27.100571
1099,1848898655.0,2.0,3.0,158.0,5.0,1.867395,-1.0,2.0,54.675239,1.0,0.0,0.0,0.0,12.527089,3.0,47.342183,0.0,7.572453,0.0,134.018109
6994,1848898657.0,3.0,2.0,144.0,3.0,15.677165,-1.0,2.0,60.988485,1.0,0.0,1.0,0.0,26.359713,2.0,3.180502,0.0,16.075189,1.0,158.999024
1161,1848898659.0,2.0,4.0,140.0,8.0,20.323947,-1.0,-1.0,67.692506,1.0,0.0,1.0,0.0,31.183946,2.0,-1.0,0.0,16.423739,1.0,14.919615
1209,1848898661.0,3.0,3.0,115.0,7.0,44.608369,-1.0,2.0,3.846893,1.0,0.0,-1.0,0.0,54.856049,3.0,94.065074,1.0,8.630989,0.0,28.491085
6995,1848898664.0,3.0,2.0,139.0,3.0,21.029324,-1.0,4.0,25.581005,1.0,-1.0,1.0,0.0,31.893796,2.0,122.930868,0.0,27.593055,1.0,213.670691
6996,1848898670.0,4.0,2.0,124.0,3.0,35.84148,-1.0,2.0,147.783767,1.0,0.0,0.0,0.0,46.122069,3.0,68.091085,0.0,31.325817,0.0,128.525113
1162,1848898672.0,2.0,2.0,123.0,8.0,36.970442,-1.0,3.0,25.290961,0.0,1.0,1.0,1.0,47.013654,2.0,29.398029,1.0,11.054148,1.0,68.248172
1183,1848898675.0,3.0,2.0,159.0,2.0,1.32513,-1.0,2.0,70.686096,1.0,0.0,1.0,0.0,11.76733,4.0,53.047845,1.0,65.330646,1.0,125.99843
6997,1848898678.0,4.0,3.0,155.0,3.0,5.089903,-1.0,4.0,17.482958,1.0,0.0,-1.0,0.0,15.956508,3.0,37.926415,0.0,58.13632,1.0,33.291415
1184,1848898681.0,3.0,4.0,74.0,2.0,-1.0,-1.0,4.0,64.193964,1.0,0.0,1.0,0.0,-1.0,-1.0,15.766872,0.0,28.999565,1.0,54.400721
6998,1848898683.0,4.0,4.0,68.0,3.0,91.74947,-1.0,4.0,8.478181,1.0,0.0,-1.0,0.0,102.062447,-1.0,60.39858,0.0,17.223354,1.0,136.69901
1303,1848898685.0,3.0,4.0,118.0,-1.0,42.090932,-1.0,-1.0,-1.0,1.0,0.0,1.0,0.0,52.745143,3.0,31.885369,0.0,0.092267,1.0,3.135439
6999,1848898689.0,3.0,4.0,149.0,3.0,10.559901,-1.0,2.0,53.453702,1.0,0.0,1.0,0.0,21.27149,3.0,-1.0,0.0,2.333348,1.0,145.956823
1185,1848898691.0,-1.0,3.0,123.0,2.0,37.119379,-1.0,4.0,33.339744,2.0,0.0,-1.0,0.0,47.16254,3.0,53.591541,0.0,2.688923,1.0,282.996516
1186,1848898693.0,4.0,4.0,130.0,2.0,29.674895,-1.0,2.0,48.714076,1.0,0.0,-1.0,0.0,40.517921,3.0,3.915603,0.0,99.040182,1.0,80.77421
1100,1848898698.0,2.0,3.0,58.0,5.0,101.882127,-1.0,4.0,43.677311,0.0,1.0,1.0,1.0,112.63953,4.0,38.560237,-1.0,21.531358,1.0,83.055475
1101,1848898701.0,3.0,2.0,96.0,5.0,64.052608,-1.0,3.0,9.47714,1.0,0.0,1.0,0.0,74.250669,3.0,42.94665,0.0,42.326332,1.0,184.108338
1210,1848898704.0,2.0,2.0,146.0,7.0,14.418178,-1.0,2.0,39.96841,1.0,-1.0,0.0,0.0,25.046836,3.0,5.576691,1.0,29.108972,0.0,76.557017
7000,1848898710.0,2.0,2.0,135.0,3.0,24.650955,-1.0,4.0,25.723353,1.0,-1.0,1.0,0.0,34.7593,-1.0,9.168588,0.0,62.07034,1.0,62.122808
7001,1848898716.0,4.0,2.0,135.0,3.0,24.802766,-1.0,2.0,115.732545,2.0,0.0,-1.0,0.0,35.618127,3.0,84.901183,0.0,48.082934,1.0,129.182312
7002,1848898718.0,3.0,4.0,152.0,3.0,7.524757,-1.0,2.0,64.737624,1.0,0.0,-1.0,0.0,18.069988,3.0,42.019419,0.0,45.976646,1.0,45.814352
1115,1848898720.0,3.0,4.0,147.0,4.0,12.939316,-1.0,-1.0,21.647325,1.0,0.0,1.0,0.0,23.114284,3.0,17.191502,0.0,38.651356,1.0,76.330883
7003,1848898725.0,2.0,3.0,67.0,3.0,93.106097,-1.0,4.0,14.813122,2.0,-1.0,1.0,0.0,103.919904,2.0,89.116787,0.0,26.626714,1.0,64.951736
7004,1848898728.0,2.0,4.0,122.0,3.0,38.19009,-1.0,4.0,13.485299,1.0,0.0,0.0,0.0,49.076386,3.0,19.669697,0.0,5.101839,0.0,147.379073
7005,1848898734.0,4.0,3.0,74.0,3.0,86.355215,-1.0,2.0,33.788345,1.0,0.0,-1.0,0.0,96.474593,1.0,5.701865,0.0,82.863589,1.0,32.841814
1116,1848898739.0,2.0,3.0,114.0,4.0,46.019075,-1.0,-1.0,81.572818,1.0,0.0,-1.0,0.0,56.250119,3.0,146.047061,0.0,16.566782,1.0,201.184017
7006,1848898745.0,3.0,-1.0,156.0,3.0,4.266256,-1.0,3.0,6.351927,1.0,0.0,1.0,0.0,15.17246,1.0,49.239321,0.0,14.688025,1.0,203.656003
1102,1848898749.0,3.0,3.0,74.0,5.0,-1.0,-1.0,4.0,-1.0,1.0,0.0,1.0,0.0,-1.0,1.0,7.942338,1.0,13.704252,1.0,162.966823
1163,1848898751.0,2.0,4.0,26.0,8.0,133.584122,-1.0,-1.0,21.957449,1.0,0.0,-1.0,0.0,144.343071,3.0,103.659094,-1.0,81.466217,1.0,134.49182
1164,1848898755.0,3.0,2.0,154.0,8.0,6.040466,-1.0,3.0,13.729353,0.0,1.0,1.0,1.0,16.247427,2.0,139.014675,0.0,40.279928,1.0,56.257835
7007,1848898759.0,4.0,3.0,74.0,3.0,-1.0,-1.0,2.0,5.326334,1.0,0.0,0.0,0.0,-1.0,3.0,30.02682,0.0,0.92009,0.0,32.156589
1187,1848898762.0,4.0,2.0,73.0,2.0,87.29961,-1.0,4.0,-1.0,1.0,0.0,-1.0,0.0,98.077922,2.0,107.072136,1.0,21.783457,1.0,159.310548
7008,1848898764.0,3.0,4.0,119.0,3.0,41.377388,-1.0,2.0,-1.0,1.0,0.0,-1.0,0.0,52.040649,3.0,-1.0,0.0,9.06509,1.0,126.578211
1208,1848898768.0,4.0,3.0,118.0,9.0,41.880058,-1.0,4.0,69.416868,1.0,0.0,-1.0,0.0,52.745602,3.0,57.573469,-1.0,69.792604,1.0,70.703247
1135,1848898771.0,2.0,3.0,158.0,0.0,2.198997,-1.0,4.0,31.538578,2.0,0.0,1.0,0.0,12.685683,-1.0,16.628684,-1.0,41.623279,1.0,76.471441
1117,1848898773.0,4.0,2.0,34.0,4.0,125.768162,-1.0,4.0,99.103986,0.0,1.0,1.0,1.0,135.89566,2.0,2.192739,-1.0,6.701804,1.0,101.889331
1118,1848898778.0,3.0,3.0,58.0,4.0,101.920262,-1.0,4.0,5.429062,2.0,0.0,1.0,0.0,112.501912,3.0,-1.0,1.0,23.915677,1.0,75.621057
7009,1848898780.0,2.0,3.0,137.0,3.0,22.879922,-1.0,2.0,16.646113,1.0,0.0,1.0,0.0,33.290677,2.0,-1.0,0.0,5.480335,1.0,39.815359
1165,1848898782.0,4.0,3.0,95.0,8.0,64.895756,-1.0,4.0,48.130037,0.0,1.0,1.0,1.0,75.426294,4.0,50.718454,1.0,28.28892,1.0,283.916409
1166,1848898788.0,3.0,2.0,125.0,8.0,35.322085,-1.0,3.0,112.301943,1.0,0.0,-1.0,0.0,45.923295,1.0,93.72768,0.0,85.46988,-1.0,151.038786
1167,1848898794.0,2.0,4.0,153.0,8.0,6.957024,-1.0,4.0,85.308861,1.0,0.0,1.0,0.0,17.617669,3.0,19.158496,0.0,71.949792,1.0,266.616381
1211,1848898796.0,3.0,-1.0,120.0,7.0,39.702051,-1.0,2.0,4.839473,2.0,0.0,1.0,0.0,50.423521,3.0,24.490659,-1.0,5.536684,1.0,36.853993
1304,1848898802.0,3.0,2.0,153.0,-1.0,7.443525,-1.0,2.0,132.894767,1.0,0.0,1.0,0.0,17.981338,3.0,77.185804,0.0,43.53647,1.0,146.882318
1188,1848898808.0,4.0,3.0,117.0,2.0,42.683561,-1.0,4.0,94.136757,1.0,-1.0,1.0,0.0,52.745106,3.0,79.779325,1.0,14.61078,1.0,49.401169
7010,1848898812.0,3.0,4.0,114.0,3.0,45.630079,-1.0,2.0,28.821294,1.0,0.0,-1.0,0.0,55.652702,3.0,-1.0,0.0,64.096738,1.0,217.074485
1305,1848898818.0,3.0,2.0,74.0,-1.0,86.380311,-1.0,3.0,41.271225,1.0,0.0,0.0,0.0,97.25087,1.0,30.979365,0.0,23.03828,0.0,183.33435
1136,1848898824.0,3.0,3.0,74.0,0.0,-1.0,-1.0,4.0,30.398356,1.0,0.0,-1.0,0.0,-1.0,-1.0,89.046067,-1.0,0.945379,1.0,57.395734
7011,1848898827.0,3.0,4.0,118.0,3.0,42.1466,-1.0,-1.0,49.143056,1.0,0.0,1.0,0.0,52.289807,3.0,120.471065,0.0,7.361144,1.0,59.630287
7012,1848898833.0,3.0,3.0,100.0,3.0,60.250319,-1.0,4.0,64.850416,1.0,0.0,1.0,0.0,71.03422,1.0,-1.0,0.0,3.268657,1.0,62.196498
1119,1848898839.0,3.0,2.0,116.0,4.0,44.146855,-1.0,4.0,-1.0,1.0,0.0,1.0,0.0,54.377713,3.0,-1.0,1.0,22.423876,1.0,271.846089
7013,1848898843.0,3.0,4.0,66.0,3.0,94.376177,-1.0,4.0,9.108781,1.0,0.0,1.0,0.0,104.833319,1.0,19.978939,0.0,6.855846,1.0,136.577007
7014,1848898847.0,3.0,2.0,150.0,3.0,9.866036,-1.0,4.0,39.622423,1.0,0.0,1.0,0.0,20.055471,3.0,141.285873,1.0,1.810903,-1.0,84.825169
7015,1848898852.0,-1.0,2.0,114.0,3.0,46.183778,-1.0,3.0,45.497829,0.0,1.0,1.0,1.0,56.463424,2.0,87.060946,0.0,9.477041,1.0,134.042705
1137,1848898855.0,4.0,2.0,123.0,0.0,37.220968,-1.0,-1.0,91.479406,0.0,1.0,1.0,1.0,47.745341,1.0,-1.0,0.0,37.371717,1.0,64.810432
7016,1848898858.0,2.0,4.0,157.0,3.0,3.310137,-1.0,4.0,105.999703,1.0,0.0,1.0,0.0,14.231906,2.0,-1.0,0.0,43.638362,1.0,84.917421
7017,1848898860.0,4.0,3.0,152.0,3.0,8.052042,-1.0,4.0,83.861198,2.0,0.0,1.0,0.0,18.502387,2.0,45.842676,1.0,39.083532,1.0,122.269247
1138,1848898865.0,4.0,4.0,62.0,0.0,97.697454,-1.0,3.0,22.690215,1.0,0.0,-1.0,0.0,108.00052,4.0,48.176632,0.0,53.206222,1.0,151.383083
7018,1848898871.0,2.0,4.0,74.0,3.0,-1.0,-1.0,2.0,129.955199,1.0,0.0,1.0,0.0,-1.0,1.0,59.783331,0.0,19.394101,1.0,93.26952
1168,1848898876.0,4.0,4.0,150.0,8.0,9.967886,-1.0,2.0,37.199344,1.0,0.0,0.0,0.0,20.660383,3.0,117.172322,0.0,12.431793,0.0,163.002709
1189,1848898879.0,2.0,2.0,104.0,2.0,55.595403,-1.0,4.0,4.299504,0.0,1.0,1.0,1.0,66.293436,3.0,80.098324,0.0,22.565616,1.0,54.989298
1190,1848898881.0,3.0,2.0,146.0,6.0,13.576353,-1.0,3.0,13.328304,1.0,0.0,-1.0,0.0,24.241975,4.0,139.488015,0.0,76.790548,1.0,245.525877
7019,1848898883.0,3.0,3.0,98.0,3.0,62.498869,-1.0,2.0,3.32969,2.0,0.0,1.0,0.0,72.867899,4.0,29.416102,1.0,7.526816,1.0,177.374298
1139,1848898887.0,3.0,2.0,148.0,0.0,12.301413,-1.0,4.0,3.436392,1.0,0.0,-1.0,0.0,22.350233,3.0,77.372902,0.0,40.675843,1.0,126.65509
7020,1848898892.0,-1.0,3.0,148.0,3.0,12.361517,-1.0,3.0,6.631103,1.0,-1.0,1.0,0.0,22.380454,3.0,8.91792,0.0,21.278628,-1.0,73.935597
1120,1848898896.0,4.0,3.0,140.0,4.0,19.520044,-1.0,3.0,103.31947,2.0,0.0,0.0,0.0,30.131092,4.0,15.347789,1.0,8.732189,0.0,225.822775
1212,1848898898.0,4.0,3.0,153.0,7.0,7.369954,-1.0,2.0,30.755346,0.0,1.0,0.0,1.0,17.61431,3.0,83.758962,1.0,20.855322,0.0,97.142516
1209,1848898902.0,3.0,2.0,74.0,9.0,-1.0,-1.0,4.0,-1.0,1.0,0.0,1.0,0.0,-1.0,4.0,4.346498,0.0,4.892755,1.0,70.995215
1306,1848898908.0,-1.0,4.0,160.0,-1.0,0.479429,-1.0,2.0,29.823244,2.0,0.0,0.0,0.0,11.370479,2.0,56.058751,1.0,29.529548,0.0,131.234057
1307,1848898912.0,2.0,2.0,153.0,-1.0,6.569982,-1.0,3.0,83.838284,1.0,-1.0,1.0,0.0,16.99847,-1.0,27.241146,0.0,8.203381,1.0,1.130651
7021,1848898915.0,4.0,4.0,64.0,3.0,96.359135,-1.0,3.0,51.892936,1.0,0.0,1.0,0.0,106.708164,1.0,82.990736,0.0,23.685761,1.0,77.163048
7022,1848898917.0,2.0,2.0,131.0,3.0,28.569074,-1.0,2.0,22.454672,1.0,0.0,1.0,0.0,38.98036,1.0,42.424055,0.0,24.18278,1.0,73.082279
1191,1848898923.0,4.0,4.0,158.0,6.0,2.312888,-1.0,2.0,25.381853,2.0,0.0,1.0,0.0,12.90042,3.0,20.566811,0.0,35.670303,-1.0,215.421124
1190,1848898926.0,3.0,4.0,129.0,2.0,30.697247,-1.0,2.0,48.215817,1.0,-1.0,1.0,0.0,40.898916,3.0,28.98338,-1.0,63.069407,-1.0,-1.0
7023,1848898928.0,2.0,2.0,107.0,3.0,53.381672,-1.0,2.0,11.959314,2.0,0.0,1.0,0.0,63.812709,1.0,28.892027,0.0,13.592882,1.0,197.871483
7024,1848898932.0,3.0,3.0,158.0,3.0,2.190918,-1.0,2.0,47.841178,1.0,0.0,1.0,0.0,13.125738,3.0,47.778982,1.0,20.126654,1.0,90.73663
1121,1848898937.0,3.0,4.0,72.0,4.0,87.591677,-1.0,4.0,82.197175,1.0,0.0,1.0,0.0,97.787247,2.0,5.419114,0.0,6.543783,1.0,198.939145
7025,1848898943.0,3.0,4.0,111.0,3.0,49.039923,-1.0,2.0,10.864386,1.0,0.0,0.0,0.0,59.541155,3.0,42.212474,0.0,19.015839,0.0,190.691202
1122,1848898945.0,2.0,3.0,149.0,4.0,11.391287,-1.0,2.0,7.62005,1.0,0.0,1.0,0.0,21.418224,1.0,32.977838,0.0,35.637897,1.0,281.844884
1210,1848898951.0,3.0,3.0,104.0,9.0,55.602914,-1.0,3.0,129.161001,1.0,0.0,-1.0,0.0,65.789546,3.0,39.999842,0.0,29.172404,1.0,249.525919
7026,1848898957.0,-1.0,3.0,146.0,3.0,13.673494,-1.0,2.0,9.962571,1.0,0.0,1.0,0.0,23.746005,3.0,1.456982,0.0,45.883346,1.0,107.388456
1103,1848898963.0,3.0,4.0,87.0,5.0,73.227494,-1.0,2.0,-1.0,2.0,0.0,0.0,0.0,84.071312,3.0,4.031428,0.0,39.341371,0.0,123.399215
1216,1848898969.0,4.0,2.0,151.0,1.0,8.946372,-1.0,3.0,52.582891,1.0,0.0,1.0,0.0,19.506278,3.0,27.094622,0.0,35.846648,1.0,207.536619
1140,1848898971.0,2.0,2.0,85.0,0.0,75.013572,-1.0,3.0,24.903328,1.0,0.0,1.0,0.0,85.488524,-1.0,28.174033,0.0,22.972573,1.0,183.617496
1191,1848898974.0,2.0,2.0,104.0,2.0,55.822015,-1.0,3.0,-1.0,1.0,0.0,-1.0,0.0,66.391549,3.0,7.088686,-1.0,20.489258,1.0,240.088411
7027,1848898980.0,3.0,4.0,140.0,3.0,19.506278,-1.0,4.0,-1.0,2.0,-1.0,1.0,0.0,29.923673,4.0,35.816946,0.0,18.604937,1.0,136.465165
1213,1848898984.0,2.0,4.0,82.0,7.0,78.461125,-1.0,3.0,47.205772,1.0,0.0,1.0,0.0,88.717246,3.0,38.391258,0.0,38.309988,1.0,49.150095
1308,1848898988.0,4.0,2.0,91.0,-1.0,68.978068,-1.0,4.0,80.096132,1.0,0.0,1.0,0.0,79.052984,4.0,101.411946,0.0,26.249709,1.0,135.566831
1211,1848898993.0,4.0,2.0,147.0,9.0,12.713438,-1.0,3.0,-1.0,2.0,-1.0,1.0,0.0,23.612111,3.0,27.624622,-1.0,3.822055,1.0,148.899839
1104,1848898997.0,2.0,4.0,130.0,5.0,30.183812,-1.0,2.0,6.769527,2.0,0.0,0.0,0.0,40.218636,3.0,37.016382,1.0,24.637071,0.0,1.951701
1309,1848899000.0,2.0,2.0,88.0,-1.0,72.333107,-1.0,-1.0,40.155771,2.0,0.0,1.0,0.0,82.893471,3.0,3.453341,0.0,60.927288,1.0,24.306731
1214,1848899006.0,2.0,2.0,54.0,7.0,106.399601,-1.0,3.0,36.331008,1.0,0.0,1.0,0.0,116.456165,1.0,13.612232,0.0,10.060184,1.0,6.562336
1169,1848899011.0,3.0,4.0,34.0,8.0,126.318845,-1.0,4.0,82.276945,1.0,0.0,-1.0,0.0,136.647725,4.0,110.315866,1.0,37.509603,0.0,222.371636
7028,1848899016.0,-1.0,2.0,150.0,3.0,9.565277,-1.0,3.0,33.949946,2.0,0.0,1.0,0.0,19.743705,1.0,43.370768,0.0,13.008974,1.0,100.601726
7029,1848899021.0,3.0,2.0,114.0,3.0,46.344825,-1.0,2.0,50.137937,0.0,1.0,1.0,1.0,56.747812,2.0,13.863026,0.0,23.565413,1.0,6.725909
1170,1848899025.0,4.0,4.0,86.0,8.0,74.315917,-1.0,2.0,24.491738,1.0,0.0,1.0,0.0,85.284299,3.0,15.856544,0.0,10.415479,-1.0,40.056902
7030,1848899028.0,4.0,4.0,74.0,3.0,-1.0,-1.0,3.0,91.418852,1.0,0.0,1.0,0.0,-1.0,3.0,26.536102,0.0,71.031866,1.0,148.020251
7031,1848899031.0,3.0,4.0,128.0,3.0,32.013129,-1.0,4.0,18.945382,2.0,0.0,1.0,0.0,42.777215,3.0,45.390882,0.0,77.15202,1.0,86.964977
1192,1848899033.0,4.0,4.0,123.0,6.0,37.012359,-1.0,2.0,51.616738,2.0,-1.0,1.0,0.0,47.01581,-1.0,95.049658,0.0,49.658577,-1.0,60.834067
7032,1848899038.0,3.0,4.0,124.0,3.0,36.298505,-1.0,3.0,-1.0,1.0,0.0,-1.0,0.0,46.847398,2.0,61.204423,-1.0,30.048197,-1.0,21.373166
7033,1848899040.0,4.0,4.0,138.0,3.0,22.366015,-1.0,2.0,12.900041,2.0,0.0,-1.0,0.0,32.612137,3.0,66.721995,0.0,41.51469,0.0,152.273739
1193,1848899045.0,4.0,2.0,110.0,6.0,50.082108,-1.0,2.0,6.792511,1.0,0.0,1.0,0.0,60.910523,3.0,-1.0,0.0,12.634499,1.0,-1.0
1212,1848899047.0,4.0,4.0,74.0,9.0,-1.0,-1.0,4.0,96.655604,1.0,0.0,1.0,0.0,-1.0,3.0,33.251861,0.0,8.914743,1.0,90.392063
1123,1848899051.0,-1.0,3.0,116.0,4.0,43.735292,-1.0,4.0,25.911504,2.0,0.0,-1.0,0.0,54.650704,1.0,49.94269,1.0,27.558477,1.0,83.425205
1141,1848899057.0,4.0,4.0,125.0,0.0,34.8379,-1.0,3.0,9.59675,1.0,0.0,1.0,0.0,45.675189,3.0,68.322485,0.0,26.71275,1.0,57.333339
1192,1848899062.0,2.0,4.0,89.0,2.0,71.229778,-1.0,-1.0,39.557185,2.0,0.0,1.0,0.0,81.601863,3.0,13.570792,1.0,10.998978,1.0,23.774442
7034,1848899068.0,2.0,2.0,141.0,3.0,18.95997,-1.0,3.0,-1.0,1.0,0.0,1.0,0.0,29.145364,3.0,29.521385,0.0,5.990378,1.0,150.42803
7035,1848899071.0,2.0,2.0,58.0,3.0,101.993105,-1.0,3.0,23.626442,1.0,0.0,0.0,0.0,112.440321,4.0,17.271025,0.0,41.458156,0.0,151.352476
1194,1848899073.0,3.0,3.0,136.0,6.0,24.122963,-1.0,-1.0,99.542713,1.0,0.0,1.0,0.0,34.725058,4.0,9.015019,-1.0,1.639634,1.0,18.70112
7036,1848899078.0,4.0,3.0,74.0,3.0,-1.0,-1.0,2.0,21.09045,1.0,0.0,1.0,0.0,-1.0,3.0,73.812889,0.0,42.190415,1.0,57.320294
1124,1848899080.0,2.0,2.0,127.0,4.0,32.644347,-1.0,3.0,34.460706,1.0,0.0,1.0,0.0,43.21874,3.0,12.375936,0.0,14.153093,1.0,171.576057
1217,1848899086.0,3.0,4.0,36.0,1.0,123.972882,-1.0,-1.0,14.277891,1.0,0.0,-1.0,0.0,133.98452,3.0,43.818906,0.0,18.883598,1.0,138.877624
1125,1848899090.0,4.0,-1.0,114.0,4.0,45.733801,-1.0,2.0,69.055751,0.0,1.0,0.0,1.0,56.189893,4.0,127.152176,0.0,22.007264,0.0,136.550942
1193,1848899093.0,2.0,4.0,139.0,2.0,20.888081,-1.0,2.0,50.064708,0.0,1.0,1.0,1.0,31.598367,-1.0,78.095246,0.0,7.307737,1.0,257.291694
1142,1848899099.0,4.0,3.0,128.0,0.0,32.226552,-1.0,4.0,45.870156,1.0,0.0,1.0,0.0,42.76145,-1.0,46.768074,-1.0,33.66255,1.0,148.504389
1143,1848899101.0,-1.0,2.0,91.0,0.0,68.541618,-1.0,2.0,21.881762,1.0,0.0,0.0,0.0,79.121605,2.0,91.027234,0.0,64.54041,0.0,15.817774
7037,1848899104.0,2.0,3.0,73.0,3.0,87.489936,-1.0,4.0,66.19101,2.0,0.0,1.0,0.0,98.180954,3.0,121.127907,0.0,28.828126,1.0,138.93061
1144,1848899109.0,3.0,2.0,123.0,0.0,36.665279,-1.0,-1.0,6.36223,1.0,0.0,-1.0,0.0,47.306641,3.0,-1.0,0.0,12.654989,1.0,215.105436
1218,1848899112.0,4.0,4.0,74.0,1.0,-1.0,-1.0,-1.0,6.404997,1.0,0.0,1.0,0.0,-1.0,3.0,109.33819,0.0,48.387927,1.0,284.965435
1219,1848899115.0,2.0,3.0,138.0,1.0,21.74208,-1.0,2.0,23.431113,2.0,0.0,0.0,0.0,31.851052,-1.0,55.886783,-1.0,40.55618,0.0,3.23439
7038,1848899117.0,4.0,2.0,107.0,3.0,52.754006,-1.0,2.0,8.446814,1.0,0.0,1.0,0.0,63.465444,2.0,126.843888,0.0,9.291181,1.0,146.324623
1171,1848899120.0,4.0,4.0,148.0,8.0,11.752221,-1.0,3.0,10.405077,2.0,0.0,1.0,0.0,21.97826,4.0,1.215822,0.0,72.958732,1.0,46.231827
7039,1848899126.0,4.0,4.0,98.0,3.0,61.653758,-1.0,3.0,42.474646,1.0,0.0,0.0,0.0,71.709173,-1.0,26.035598,0.0,48.602949,0.0,209.873074
1195,1848899130.0,4.0,3.0,125.0,6.0,34.686852,-1.0,2.0,109.20733,1.0,0.0,-1.0,0.0,45.290305,-1.0,49.649492,0.0,34.522318,1.0,123.449058
7040,1848899132.0,3.0,-1.0,119.0,3.0,41.146194,-1.0,4.0,41.61018,1.0,0.0,0.0,0.0,51.189065,3.0,11.996313,1.0,19.083848,0.0,-1.0
7041,1848899134.0,2.0,2.0,140.0,3.0,19.99753,-1.0,4.0,2.154837,2.0,-1.0,-1.0,0.0,30.071005,1.0,-1.0,0.0,17.875006,1.0,121.963109
1194,1848899136.0,4.0,4.0,74.0,2.0,-1.0,-1.0,-1.0,33.211461,1.0,-1.0,1.0,0.0,-1.0,2.0,91.135991,0.0,44.815454,1.0,26.503046
1126,1848899138.0,3.0,2.0,147.0,4.0,12.997911,-1.0,4.0,92.295425,2.0,0.0,-1.0,0.0,23.906327,1.0,0.916325,0.0,38.953979,1.0,65.100811
1172,1848899144.0,-1.0,3.0,85.0,8.0,74.772333,-1.0,2.0,64.879473,1.0,0.0,1.0,0.0,85.725997,3.0,26.613869,1.0,22.78429,1.0,46.312828
1215,1848899146.0,2.0,2.0,105.0,7.0,54.817976,-1.0,2.0,0.543487,2.0,0.0,-1.0,0.0,65.641606,3.0,34.228618,-1.0,77.921449,1.0,138.259658
1196,1848899149.0,2.0,4.0,145.0,6.0,15.42784,-1.0,4.0,-1.0,2.0,0.0,1.0,0.0,25.750563,1.0,54.647101,0.0,6.696445,1.0,166.978238
1220,1848899153.0,3.0,2.0,141.0,1.0,19.342862,-1.0,-1.0,74.962711,1.0,0.0,1.0,0.0,29.757297,1.0,99.510559,0.0,3.466862,1.0,118.620896
7042,1848899157.0,2.0,2.0,89.0,3.0,70.731618,-1.0,4.0,40.177259,1.0,0.0,1.0,0.0,80.951472,3.0,36.164507,0.0,23.30462,1.0,68.243284
7043,1848899161.0,4.0,3.0,101.0,3.0,58.671795,-1.0,-1.0,66.42895,1.0,0.0,1.0,0.0,69.016308,3.0,12.040144,-1.0,4.886244,1.0,10.034483
7044,1848899164.0,2.0,2.0,155.0,3.0,5.084747,-1.0,4.0,-1.0,1.0,0.0,1.0,0.0,15.970948,1.0,7.899475,1.0,7.983657,1.0,178.046009
1127,1848899170.0,4.0,2.0,74.0,4.0,-1.0,-1.0,3.0,-1.0,2.0,0.0,1.0,0.0,-1.0,4.0,35.792095,0.0,35.739797,1.0,97.909287
1173,1848899172.0,4.0,2.0,154.0,8.0,5.901971,-1.0,3.0,42.398912,1.0,0.0,1.0,0.0,16.712417,2.0,-1.0,-1.0,2.465823,1.0,24.300092
1221,1848899174.0,4.0,3.0,117.0,1.0,42.761833,-1.0,2.0,22.54373,1.0,0.0,1.0,0.0,53.240939,3.0,25.133676,0.0,3.982972,1.0,32.934573
7045,1848899177.0,4.0,4.0,85.0,3.0,75.232674,-1.0,2.0,48.689761,1.0,0.0,1.0,0.0,85.67922,3.0,62.868105,0.0,7.47594,1.0,-1.0
1216,1848899180.0,3.0,3.0,74.0,7.0,-1.0,-1.0,4.0,86.558754,1.0,0.0,-1.0,0.0,-1.0,3.0,9.051467,1.0,33.621391,0.0,55.536454
7046,1848899184.0,2.0,3.0,42.0,3.0,118.079341,-1.0,2.0,33.526574,1.0,0.0,1.0,0.0,128.179018,3.0,58.790534,0.0,18.073137,1.0,51.816263
1213,1848899188.0,4.0,3.0,134.0,9.0,26.319493,-1.0,3.0,-1.0,1.0,0.0,0.0,0.0,37.064317,3.0,80.591966,0.0,79.310006,0.0,9.779791
7047,1848899193.0,3.0,3.0,137.0,3.0,23.318676,-1.0,3.0,14.116064,0.0,1.0,1.0,1.0,33.447109,4.0,22.06979,0.0,14.927441,1.0,242.616069
7048,1848899196.0,4.0,4.0,145.0,3.0,14.87747,-1.0,4.0,-1.0,2.0,0.0,-1.0,0.0,25.054944,1.0,23.113863,0.0,5.443603,1.0,184.588074
1105,1848899198.0,2.0,4.0,55.0,5.0,105.16942,-1.0,3.0,-1.0,1.0,0.0,1.0,0.0,115.621624,1.0,4.555305,1.0,57.071411,1.0,13.92148
1106,1848899201.0,3.0,4.0,135.0,5.0,24.575668,-1.0,-1.0,10.532934,0.0,1.0,0.0,1.0,34.957674,2.0,26.291325,0.0,32.872127,0.0,55.281268
7049,1848899204.0,3.0,3.0,131.0,3.0,28.70329,-1.0,3.0,100.468648,2.0,0.0,1.0,0.0,39.461925,4.0,57.370215,-1.0,4.798599,1.0,75.851383
1174,1848899209.0,2.0,2.0,94.0,8.0,66.312759,-1.0,4.0,27.067109,1.0,-1.0,1.0,0.0,76.537948,3.0,44.101535,-1.0,26.696705,1.0,59.966617
1195,1848899215.0,3.0,3.0,148.0,2.0,12.060141,-1.0,-1.0,33.359991,2.0,0.0,1.0,0.0,22.827178,2.0,19.141404,0.0,60.866988,1.0,140.369121
1310,1848899217.0,4.0,2.0,144.0,-1.0,15.74621,-1.0,2.0,20.839926,1.0,0.0,1.0,0.0,25.914878,3.0,51.939015,-1.0,9.66969,1.0,168.584113
1214,1848899219.0,2.0,3.0,75.0,9.0,84.719042,-1.0,4.0,62.687718,1.0,0.0,1.0,0.0,94.984303,4.0,4.76409,0.0,6.002091,1.0,103.564129
1222,1848899225.0,4.0,-1.0,90.0,1.0,69.525565,-1.0,4.0,52.207358,1.0,0.0,1.0,0.0,80.491073,-1.0,119.28794,0.0,55.767257,1.0,76.891385
7050,1848899228.0,2.0,4.0,147.0,3.0,13.299614,-1.0,3.0,50.223835,2.0,-1.0,1.0,0.0,23.600265,-1.0,73.233057,0.0,76.307989,0.0,90.307213
7051,1848899232.0,-1.0,3.0,56.0,3.0,103.703376,-1.0,4.0,8.42179,1.0,0.0,0.0,0.0,114.353289,3.0,65.505897,-1.0,22.981519,0.0,251.491706
1196,1848899238.0,2.0,4.0,60.0,2.0,99.858823,-1.0,3.0,63.162507,1.0,0.0,1.0,0.0,110.526344,3.0,102.569714,0.0,86.864483,1.0,98.624426
7052,1848899240.0,2.0,3.0,152.0,3.0,7.607309,-1.0,4.0,3.121805,1.0,0.0,1.0,0.0,18.2893,3.0,53.920852,0.0,12.029836,1.0,186.283559
1175,1848899246.0,-1.0,4.0,84.0,8.0,75.906436,-1.0,2.0,53.450432,1.0,0.0,1.0,0.0,86.721989,1.0,-1.0,-1.0,3.866857,1.0,137.033643
7053,1848899251.0,3.0,4.0,57.0,3.0,102.75745,-1.0,2.0,83.195728,2.0,0.0,-1.0,0.0,113.307392,2.0,36.480161,0.0,11.956953,0.0,95.741528
1217,1848899254.0,3.0,4.0,18.0,7.0,141.709591,-1.0,2.0,98.080437,1.0,-1.0,0.0,0.0,152.630128,3.0,26.460497,0.0,42.513036,0.0,16.501749
1176,1848899257.0,4.0,2.0,106.0,8.0,54.465057,-1.0,3.0,3.890439,1.0,0.0,1.0,0.0,64.889209,3.0,50.475879,-1.0,28.441935,-1.0,152.132579
7054,1848899263.0,3.0,2.0,128.0,3.0,32.111421,-1.0,4.0,87.336953,2.0,0.0,1.0,0.0,43.025577,4.0,17.615959,-1.0,29.887629,-1.0,26.491515
1107,1848899267.0,3.0,2.0,135.0,5.0,25.051028,-1.0,2.0,32.257729,1.0,0.0,1.0,0.0,35.242705,4.0,23.476014,0.0,1.107112,1.0,155.517477
1311,1848899272.0,2.0,4.0,144.0,-1.0,15.602028,-1.0,4.0,112.812228,1.0,0.0,1.0,0.0,25.745574,4.0,16.441763,0.0,23.163752,1.0,72.449287
7055,1848899275.0,3.0,2.0,81.0,3.0,79.389636,-1.0,2.0,73.378151,2.0,-1.0,-1.0,0.0,89.812087,1.0,34.799552,0.0,43.269584,1.0,106.06305
1197,1848899277.0,2.0,2.0,146.0,2.0,13.69848,-1.0,4.0,-1.0,1.0,-1.0,0.0,0.0,24.099468,4.0,61.041678,0.0,14.402082,0.0,65.307509
7056,1848899280.0,4.0,2.0,122.0,3.0,38.448337,-1.0,4.0,16.381842,0.0,1.0,0.0,1.0,49.248725,1.0,-1.0,1.0,19.872223,0.0,136.932846
7057,1848899283.0,4.0,2.0,142.0,3.0,18.355619,-1.0,4.0,66.486768,1.0,0.0,1.0,0.0,28.642172,-1.0,-1.0,0.0,82.898215,-1.0,85.809733
1215,1848899287.0,4.0,2.0,104.0,9.0,56.082131,-1.0,2.0,79.293114,1.0,0.0,-1.0,0.0,66.647278,4.0,97.536105,0.0,47.992162,-1.0,74.209007
1223,1848899293.0,3.0,2.0,154.0,1.0,5.612605,-1.0,-1.0,5.483179,1.0,0.0,-1.0,0.0,15.787487,1.0,0.481928,1.0,25.579131,1.0,68.304503
1312,1848899298.0,3.0,3.0,138.0,-1.0,21.76943,-1.0,2.0,34.475828,1.0,0.0,1.0,0.0,31.94926,3.0,-1.0,-1.0,18.500467,1.0,88.668067
7058,1848899302.0,3.0,2.0,107.0,3.0,53.242993,-1.0,2.0,79.87673,2.0,0.0,1.0,0.0,63.259204,3.0,-1.0,0.0,6.600035,-1.0,196.203538
7059,1848899305.0,3.0,3.0,142.0,3.0,18.360364,-1.0,4.0,19.040829,0.0,1.0,1.0,1.0,28.860723,3.0,15.521306,0.0,88.115427,1.0,165.821967
1128,1848899311.0,2.0,4.0,104.0,4.0,56.072356,-1.0,2.0,17.388337,1.0,0.0,-1.0,0.0,66.094283,4.0,21.206253,0.0,63.231464,1.0,83.445907
1218,1848899314.0,4.0,-1.0,110.0,7.0,50.119224,-1.0,-1.0,108.368003,2.0,0.0,0.0,0.0,60.831723,2.0,78.953697,0.0,4.798768,0.0,33.075832
1313,1848899319.0,4.0,2.0,95.0,-1.0,64.6627,-1.0,2.0,45.127631,1.0,0.0,1.0,0.0,74.849786,3.0,-1.0,0.0,17.083379,1.0,12.156501
1219,1848899324.0,4.0,3.0,56.0,7.0,104.16353,-1.0,4.0,80.77842,2.0,0.0,1.0,0.0,114.438135,3.0,-1.0,0.0,47.090104,1.0,91.427909
1197,1848899329.0,3.0,2.0,144.0,6.0,15.644056,-1.0,2.0,146.801407,1.0,-1.0,0.0,0.0,25.820373,3.0,26.377183,0.0,6.799378,0.0,5.362751
7060,1848899332.0,3.0,2.0,82.0,3.0,77.748184,-1.0,-1.0,80.966321,1.0,-1.0,1.0,0.0,88.505868,-1.0,23.198622,0.0,60.390952,-1.0,87.913196
7061,1848899337.0,3.0,4.0,130.0,3.0,29.707858,-1.0,-1.0,17.888652,1.0,0.0,1.0,0.0,40.699998,4.0,59.068519,0.0,18.912622,1.0,239.183103
1224,1848899341.0,2.0,4.0,66.0,1.0,93.576185,-1.0,2.0,24.687994,1.0,-1.0,1.0,0.0,103.913614,3.0,11.842599,0.0,49.685037,1.0,112.073463
7062,1848899346.0,2.0,2.0,136.0,3.0,24.197809,-1.0,2.0,18.399354,1.0,-1.0,0.0,0.0,34.808441,2.0,39.129363,0.0,29.448293,0.0,70.942161
1145,1848899348.0,3.0,2.0,155.0,0.0,5.236092,-1.0,3.0,21.236253,1.0,0.0,-1.0,0.0,16.038731,3.0,50.954299,0.0,40.490697,1.0,195.088645
1314,1848899352.0,4.0,2.0,79.0,-1.0,80.643957,-1.0,4.0,27.990055,1.0,0.0,1.0,0.0,91.251214,4.0,15.655578,0.0,29.141941,1.0,146.050279
1177,1848899356.0,2.0,4.0,143.0,8.0,16.781247,-1.0,4.0,25.346427,1.0,0.0,1.0,0.0,27.339693,-1.0,28.801368,0.0,12.573366,1.0,1.125997
1225,1848899358.0,3.0,2.0,137.0,1.0,23.443948,-1.0,3.0,73.225424,1.0,0.0,0.0,0.0,33.863111,1.0,23.776611,0.0,21.133332,0.0,7.484535
7063,1848899364.0,3.0,4.0,158.0,3.0,2.220182,-1.0,2.0,26.014084,2.0,0.0,1.0,0.0,13.181197,1.0,118.669138,1.0,52.33857,1.0,62.262889
1198,1848899369.0,-1.0,4.0,154.0,2.0,6.481951,-1.0,3.0,145.126279,1.0,0.0,1.0,0.0,16.692447,3.0,17.628352,0.0,50.641635,1.0,69.179529
1315,1848899371.0,3.0,2.0,155.0,-1.0,4.710113,-1.0,2.0,10.797059,1.0,-1.0,1.0,0.0,14.946285,3.0,120.283746,0.0,46.947397,1.0,98.469821
1146,1848899374.0,4.0,4.0,152.0,0.0,8.304974,-1.0,4.0,18.718011,2.0,0.0,-1.0,0.0,19.297406,1.0,103.235297,0.0,39.004967,1.0,10.856392
1198,1848899376.0,2.0,2.0,137.0,6.0,23.398377,-1.0,4.0,21.977469,2.0,0.0,1.0,0.0,33.622165,3.0,-1.0,0.0,23.160374,1.0,100.557711
1216,1848899381.0,4.0,4.0,106.0,9.0,53.82866,-1.0,2.0,10.611876,2.0,-1.0,1.0,0.0,64.827387,4.0,42.286013,0.0,56.866085,1.0,37.308806
7064,1848899384.0,3.0,3.0,136.0,3.0,23.889887,-1.0,3.0,21.416873,1.0,0.0,0.0,0.0,33.987516,1.0,95.599957,0.0,67.471259,0.0,45.048265
7065,1848899386.0,-1.0,4.0,107.0,3.0,52.928857,-1.0,3.0,60.463555,1.0,0.0,1.0,0.0,63.212564,-1.0,26.645987,0.0,23.383354,1.0,12.76566
7066,1848899392.0,4.0,3.0,139.0,3.0,20.863374,-1.0,3.0,38.411456,0.0,1.0,1.0,1.0,30.913809,2.0,37.35167,1.0,26.774263,1.0,81.630788
1199,1848899395.0,3.0,4.0,96.0,6.0,63.986604,-1.0,4.0,12.572414,2.0,0.0,1.0,0.0,74.105762,1.0,9.368685,-1.0,51.924669,1.0,37.316832
1220,1848899399.0,3.0,3.0,118.0,7.0,41.57236,-1.0,2.0,-1.0,1.0,0.0,1.0,0.0,52.000229,1.0,78.346374,0.0,64.171912,1.0,104.688795
1199,1848899405.0,2.0,4.0,55.0,2.0,104.756629,-1.0,3.0,8.155561,1.0,0.0,1.0,0.0,114.862364,1.0,3.054477,0.0,35.078012,1.0,223.685574
1221,1848899408.0,4.0,2.0,114.0,7.0,45.572983,-1.0,3.0,19.413058,1.0,0.0,1.0,0.0,56.30417,2.0,-1.0,0.0,63.189316,-1.0,81.323852
7067,1848899413.0,3.0,2.0,95.0,3.0,64.829803,-1.0,4.0,29.681106,1.0,0.0,-1.0,0.0,75.004643,3.0,23.250031,0.0,11.296136,1.0,27.66263
7068,1848899416.0,2.0,4.0,150.0,3.0,10.072713,-1.0,2.0,87.24127,2.0,0.0,1.0,0.0,20.187428,-1.0,56.660613,0.0,30.90549,1.0,48.05308
7069,1848899418.0,2.0,-1.0,103.0,3.0,57.134949,-1.0,3.0,8.858271,1.0,-1.0,1.0,0.0,67.654788,2.0,22.576189,1.0,7.104943,1.0,80.754908
1200,1848899421.0,2.0,2.0,115.0,6.0,44.979614,-1.0,3.0,-1.0,2.0,0.0,-1.0,0.0,55.687533,4.0,57.162495,1.0,13.780701,-1.0,42.969152
7070,1848899425.0,3.0,2.0,143.0,3.0,16.922847,-1.0,2.0,85.520993,1.0,0.0,1.0,0.0,27.174609,1.0,70.957349,0.0,11.907556,1.0,119.138359
1200,1848899427.0,4.0,3.0,149.0,2.0,11.457405,-1.0,3.0,-1.0,1.0,0.0,1.0,0.0,21.869964,2.0,3.260834,0.0,27.455996,1.0,17.741528
1226,1848899431.0,3.0,3.0,151.0,1.0,9.359808,-1.0,4.0,0.501686,1.0,0.0,-1.0,0.0,19.951912,3.0,63.862922,0.0,82.82244,1.0,181.906186
1222,1848899436.0,3.0,3.0,134.0,7.0,26.095107,-1.0,2.0,53.868797,2.0,0.0,1.0,0.0,36.214108,-1.0,15.990952,0.0,87.217488,1.0,85.350394
1178,1848899439.0,4.0,3.0,159.0,8.0,0.653859,-1.0,3.0,21.544529,1.0,-1.0,1.0,0.0,11.592102,1.0,17.827662,1.0,83.275539,1.0,219.494817
7071,1848899441.0,3.0,4.0,139.0,3.0,20.739967,-1.0,3.0,45.395332,2.0,0.0,1.0,0.0,30.943795,3.0,-1.0,0.0,19.217065,1.0,85.007938
1108,1848899443.0,3.0,2.0,74.0,5.0,-1.0,-1.0,3.0,45.328398,1.0,0.0,1.0,0.0,-1.0,3.0,151.983856,0.0,30.43745,1.0,235.816533
1217,1848899445.0,4.0,3.0,41.0,9.0,119.288089,-1.0,3.0,16.406892,1.0,0.0,1.0,0.0,129.5998,3.0,8.534996,0.0,16.202629,1.0,40.891025
1129,1848899449.0,4.0,3.0,143.0,4.0,17.051075,-1.0,2.0,1.176423,1.0,0.0,-1.0,0.0,27.826687,3.0,42.994959,1.0,12.221431,1.0,-1.0
7072,1848899451.0,3.0,3.0,121.0,3.0,39.06488,-1.0,3.0,19.0511,1.0,0.0,0.0,0.0,49.866713,2.0,49.815833,0.0,32.7092,0.0,52.709596
1316,1848899457.0,2.0,3.0,138.0,-1.0,22.060388,-1.0,2.0,22.549545,1.0,0.0,1.0,0.0,32.148992,4.0,-1.0,0.0,26.195734,1.0,88.273813
1147,1848899461.0,4.0,4.0,130.0,0.0,29.793177,-1.0,3.0,32.575661,1.0,-1.0,-1.0,0.0,40.719953,2.0,70.731956,0.0,37.359091,1.0,141.610256
7073,1848899463.0,2.0,2.0,132.0,3.0,27.722539,-1.0,-1.0,93.690068,1.0,0.0,0.0,0.0,38.587105,2.0,12.185225,1.0,10.95523,0.0,117.751373
1109,1848899467.0,2.0,3.0,66.0,5.0,94.18728,-1.0,4.0,-1.0,2.0,0.0,0.0,0.0,104.663394,3.0,17.122965,0.0,41.749136,0.0,1.675859
1201,1848899470.0,4.0,-1.0,142.0,6.0,17.736577,-1.0,2.0,5.960542,2.0,0.0,1.0,0.0,28.203618,3.0,4.972983,0.0,25.061354,-1.0,163.631629
7074,1848899472.0,2.0,3.0,123.0,3.0,37.166804,-1.0,4.0,47.479711,1.0,0.0,1.0,0.0,47.664796,4.0,67.365938,1.0,9.241777,1.0,239.238932
7075,1848899475.0,4.0,4.0,154.0,3.0,5.840537,-1.0,3.0,96.824141,1.0,0.0,1.0,0.0,15.97764,4.0,8.213117,1.0,32.608276,1.0,41.537324
7076,1848899479.0,3.0,3.0,139.0,3.0,20.922013,-1.0,2.0,111.601785,1.0,0.0,-1.0,0.0,31.860538,3.0,18.311874,0.0,9.001213,1.0,76.348078
7077,1848899482.0,4.0,3.0,56.0,3.0,103.510468,-1.0,3.0,15.774483,2.0,0.0,1.0,0.0,114.079652,3.0,11.185271,0.0,43.516817,1.0,164.356347
1179,1848899487.0,4.0,4.0,74.0,8.0,-1.0,-1.0,3.0,108.224972,2.0,0.0,1.0,0.0,-1.0,-1.0,18.566986,0.0,21.900132,1.0,39.752745
1218,1848899490.0,3.0,4.0,110.0,9.0,50.41391,-1.0,-1.0,18.534176,1.0,-1.0,1.0,0.0,60.788019,3.0,-1.0,0.0,1.422043,1.0,45.291977
7078,1848899494.0,3.0,4.0,84.0,3.0,75.82692,-1.0,4.0,7.877653,1.0,-1.0,1.0,0.0,85.856106,4.0,99.786624,-1.0,31.62724,1.0,67.479049
1130,1848899496.0,4.0,4.0,150.0,4.0,10.079186,-1.0,4.0,8.108692,1.0,0.0,1.0,0.0,20.482231,2.0,0.417243,-1.0,22.723221,1.0,3.735198
7079,1848899501.0,2.0,2.0,159.0,3.0,1.112876,-1.0,4.0,2.001054,1.0,0.0,-1.0,0.0,11.576134,3.0,42.58132,0.0,43.119171,1.0,119.974477
1110,1848899504.0,2.0,4.0,131.0,5.0,29.407577,-1.0,4.0,117.754591,2.0,0.0,1.0,0.0,39.634786,3.0,35.381766,0.0,15.142645,1.0,9.581537
1317,1848899507.0,3.0,2.0,137.0,-1.0,22.988301,-1.0,3.0,46.361168,1.0,0.0,-1.0,0.0,33.988105,1.0,19.340808,0.0,17.44027,0.0,30.339324
1201,1848899509.0,2.0,2.0,156.0,2.0,4.253163,-1.0,-1.0,49.210801,1.0,-1.0,0.0,0.0,14.842901,4.0,80.079935,0.0,80.447799,0.0,37.137783
7080,1848899511.0,3.0,4.0,68.0,3.0,92.354963,-1.0,4.0,27.438853,2.0,0.0,-1.0,0.0,102.65121,3.0,3.295097,0.0,17.532464,0.0,90.931322
7081,1848899516.0,-1.0,3.0,135.0,3.0,24.95814,-1.0,3.0,8.705686,1.0,0.0,1.0,0.0,35.023825,1.0,21.270894,-1.0,20.799412,1.0,130.610534
1223,1848899521.0,-1.0,4.0,110.0,7.0,50.498132,-1.0,3.0,80.662426,1.0,0.0,-1.0,0.0,60.529911,1.0,2.781016,0.0,21.681647,1.0,127.950884
1180,1848899525.0,3.0,4.0,147.0,8.0,12.619276,-1.0,3.0,29.121031,1.0,0.0,1.0,0.0,22.980388,3.0,28.142602,1.0,9.42695,1.0,63.393141
1219,1848899527.0,4.0,2.0,112.0,9.0,48.188457,-1.0,3.0,-1.0,1.0,0.0,1.0,0.0,58.772174,4.0,109.74135,0.0,29.445546,1.0,74.605068
1181,1848899532.0,2.0,3.0,135.0,8.0,25.489419,-1.0,3.0,25.300289,1.0,0.0,1.0,0.0,35.70759,4.0,11.241373,0.0,36.138939,1.0,83.74448
1182,1848899536.0,4.0,3.0,143.0,8.0,16.545886,-1.0,-1.0,34.824562,1.0,0.0,-1.0,0.0,26.911045,1.0,70.945605,0.0,76.305342,0.0,139.472178
7082,1848899538.0,4.0,2.0,82.0,3.0,78.335893,-1.0,4.0,42.337196,1.0,0.0,1.0,0.0,88.664327,3.0,77.592557,0.0,2.445891,1.0,273.653336
1202,1848899540.0,3.0,4.0,147.0,2.0,13.426789,-1.0,-1.0,-1.0,1.0,0.0,1.0,0.0,23.864623,3.0,60.765789,0.0,57.104655,1.0,115.139985
1111,1848899546.0,4.0,4.0,113.0,5.0,47.39119,-1.0,2.0,91.329763,0.0,1.0,1.0,1.0,58.036027,1.0,-1.0,0.0,31.654599,1.0,125.602656
1220,1848899551.0,4.0,4.0,155.0,9.0,5.22779,-1.0,2.0,73.225004,2.0,0.0,1.0,0.0,15.408042,4.0,27.086732,0.0,5.191615,1.0,41.756166
7083,1848899556.0,4.0,3.0,100.0,3.0,59.758447,-1.0,3.0,74.06434,1.0,0.0,1.0,0.0,70.340765,4.0,126.867616,-1.0,60.523678,1.0,79.627661
7084,1848899561.0,4.0,3.0,74.0,3.0,-1.0,-1.0,2.0,80.422693,2.0,0.0,-1.0,0.0,-1.0,4.0,14.569383,1.0,18.109007,-1.0,27.333826
1221,1848899564.0,4.0,3.0,42.0,9.0,117.964744,-1.0,3.0,42.889329,2.0,-1.0,1.0,0.0,128.376105,2.0,9.2502,0.0,69.914613,1.0,-1.0
1112,1848899568.0,3.0,4.0,110.0,5.0,50.066881,-1.0,2.0,10.058903,2.0,0.0,1.0,0.0,60.850364,4.0,54.978218,-1.0,37.404922,1.0,49.993938
7085,1848899572.0,3.0,2.0,153.0,3.0,7.308776,-1.0,2.0,6.861056,1.0,0.0,0.0,0.0,18.067558,3.0,59.912517,0.0,67.931465,0.0,177.858481
7086,1848899576.0,4.0,2.0,73.0,3.0,86.888991,-1.0,2.0,121.562178,2.0,0.0,1.0,0.0,97.25009,1.0,109.255223,0.0,6.650776,1.0,79.587613
1202,1848899578.0,3.0,3.0,74.0,6.0,-1.0,-1.0,3.0,40.241335,2.0,0.0,1.0,0.0,-1.0,1.0,25.67684,0.0,93.102181,1.0,60.017867
1113,1848899581.0,3.0,3.0,114.0,5.0,45.965254,-1.0,2.0,100.534852,1.0,0.0,1.0,0.0,56.843469,3.0,9.136479,0.0,12.04907,1.0,50.689252
1131,1848899586.0,3.0,3.0,61.0,4.0,98.873003,-1.0,3.0,148.431767,1.0,0.0,1.0,0.0,109.497803,3.0,2.182071,1.0,17.024951,1.0,78.861149
1183,1848899588.0,2.0,4.0,154.0,8.0,6.290452,-1.0,4.0,57.306297,2.0,0.0,-1.0,0.0,16.964465,-1.0,-1.0,0.0,33.534648,1.0,2.84686
1222,1848899592.0,4.0,2.0,131.0,9.0,29.331431,-1.0,4.0,-1.0,2.0,0.0,-1.0,0.0,40.102655,3.0,5.086608,1.0,34.96686,1.0,39.650266
1203,1848899597.0,4.0,-1.0,123.0,2.0,36.954955,-1.0,-1.0,82.935083,0.0,1.0,1.0,1.0,47.364182,4.0,121.900305,0.0,33.277651,1.0,197.933426
1132,1848899602.0,4.0,2.0,145.0,4.0,14.919817,-1.0,3.0,-1.0,1.0,0.0,1.0,0.0,25.155726,3.0,22.684241,0.0,48.903758,1.0,15.292011
1223,1848899604.0,3.0,4.0,158.0,9.0,1.879207,-1.0,3.0,67.607876,1.0,0.0,-1.0,0.0,12.401926,3.0,23.296981,0.0,19.005562,1.0,25.868651
1184,1848899606.0,4.0,3.0,144.0,8.0,15.866205,-1.0,2.0,81.201851,2.0,0.0,-1.0,0.0,26.500433,3.0,44.531404,0.0,49.954489,0.0,43.598842
1114,1848899610.0,3.0,3.0,131.0,5.0,28.732374,-1.0,-1.0,76.449425,1.0,0.0,1.0,0.0,38.923717,2.0,32.677213,0.0,2.435908,1.0,-1.0
7087,1848899614.0,2.0,3.0,84.0,3.0,76.261298,-1.0,-1.0,90.964782,1.0,0.0,1.0,0.0,86.54036,3.0,1.180503,0.0,22.239012,1.0,60.297464
1204,1848899620.0,2.0,4.0,142.0,2.0,17.616841,-1.0,3.0,13.204401,1.0,0.0,1.0,0.0,27.775504,3.0,151.492267,0.0,31.038595,1.0,103.663658
1203,1848899624.0,2.0,3.0,91.0,6.0,69.394862,-1.0,3.0,7.343672,1.0,0.0,1.0,0.0,79.404959,1.0,9.442706,1.0,11.817087,1.0,163.448676
7088,1848899627.0,3.0,3.0,157.0,3.0,3.17369,-1.0,2.0,-1.0,1.0,0.0,1.0,0.0,13.986597,2.0,120.058128,1.0,41.043414,1.0,0.614159
1133,1848899630.0,3.0,3.0,154.0,4.0,6.233974,-1.0,4.0,65.294386,1.0,0.0,1.0,0.0,16.53373,3.0,15.203527,0.0,40.940222,1.0,2.164372
7089,1848899632.0,4.0,4.0,139.0,3.0,20.662589,-1.0,-1.0,-1.0,1.0,0.0,1.0,0.0,31.200076,1.0,-1.0,0.0,2.566315,1.0,3.130314
7090,1848899637.0,4.0,4.0,26.0,3.0,134.150543,-1.0,2.0,46.602198,2.0,0.0,0.0,0.0,144.393617,3.0,-1.0,0.0,1.723686,0.0,23.834997
1227,1848899643.0,3.0,2.0,147.0,1.0,13.481353,-1.0,2.0,53.704266,1.0,0.0,-1.0,0.0,23.838237,3.0,-1.0,1.0,6.847232,1.0,136.547989
1318,1848899648.0,3.0,3.0,140.0,-1.0,20.30862,-1.0,2.0,28.868206,1.0,0.0,-1.0,0.0,30.795932,3.0,-1.0,0.0,42.191758,1.0,104.395225
7091,1848899651.0,2.0,2.0,57.0,3.0,103.306404,-1.0,2.0,25.740398,1.0,0.0,0.0,0.0,114.214303,4.0,65.921907,-1.0,63.474288,0.0,29.085251
1319,1848899656.0,2.0,2.0,151.0,-1.0,9.132428,-1.0,3.0,-1.0,0.0,1.0,1.0,1.0,19.743704,2.0,55.37287,0.0,40.842576,1.0,38.988214
7092,1848899662.0,3.0,2.0,139.0,3.0,21.210078,-1.0,2.0,24.545355,1.0,0.0,-1.0,0.0,31.824617,3.0,41.902988,1.0,82.295903,1.0,59.327077
1115,1848899668.0,3.0,4.0,154.0,5.0,6.401589,-1.0,3.0,112.934954,1.0,-1.0,1.0,0.0,16.896623,1.0,107.283959,0.0,50.853567,-1.0,154.992173
1134,1848899674.0,4.0,4.0,133.0,4.0,26.778294,-1.0,4.0,21.092318,1.0,0.0,-1.0,0.0,37.008244,2.0,0.117257,0.0,56.926557,0.0,18.875704
1224,1848899677.0,2.0,3.0,84.0,9.0,76.403047,-1.0,4.0,56.260291,1.0,0.0,1.0,0.0,87.376024,1.0,-1.0,0.0,43.734235,1.0,197.945915
1185,1848899680.0,3.0,3.0,153.0,8.0,6.674302,-1.0,-1.0,13.429115,1.0,0.0,1.0,0.0,17.539226,2.0,56.917453,0.0,16.392608,1.0,16.870976
7093,1848899684.0,2.0,4.0,152.0,3.0,7.519194,-1.0,2.0,60.094938,1.0,0.0,1.0,0.0,17.897209,-1.0,10.144057,0.0,67.517513,1.0,117.409083
7094,1848899688.0,2.0,4.0,83.0,3.0,76.580668,-1.0,2.0,-1.0,1.0,0.0,-1.0,0.0,86.738132,3.0,14.746795,-1.0,1.082367,1.0,158.130117
1135,1848899693.0,4.0,2.0,157.0,4.0,2.760141,-1.0,2.0,9.625021,1.0,0.0,-1.0,0.0,12.872051,3.0,25.603142,0.0,25.173869,1.0,26.945838
1136,1848899698.0,3.0,3.0,145.0,4.0,15.268659,-1.0,4.0,105.068136,1.0,0.0,-1.0,0.0,26.038743,1.0,-1.0,1.0,0.899334,1.0,41.213754
7095,1848899701.0,3.0,4.0,142.0,3.0,17.541102,-1.0,2.0,4.573753,1.0,0.0,1.0,0.0,28.229483,3.0,67.401722,-1.0,7.40704,1.0,7.833664
7096,1848899703.0,-1.0,3.0,144.0,3.0,16.153756,-1.0,2.0,-1.0,1.0,0.0,1.0,0.0,26.273349,-1.0,33.634773,1.0,32.869195,1.0,3.150289
1137,1848899706.0,4.0,4.0,78.0,4.0,81.890574,-1.0,3.0,15.870567,2.0,0.0,1.0,0.0,92.4648,2.0,84.651842,1.0,19.309692,-1.0,164.353006
1224,1848899708.0,2.0,3.0,156.0,7.0,3.521605,-1.0,3.0,58.166936,0.0,1.0,1.0,1.0,14.180974,3.0,6.488882,0.0,19.264145,-1.0,240.795542
7097,1848899711.0,4.0,4.0,123.0,3.0,37.093459,-1.0,4.0,0.939439,0.0,1.0,-1.0,1.0,47.245776,4.0,16.683599,0.0,23.411788,1.0,53.074786
1205,1848899717.0,2.0,3.0,151.0,2.0,9.305822,-1.0,2.0,0.34713,0.0,1.0,0.0,1.0,19.391925,-1.0,33.981887,0.0,36.528706,0.0,127.209743
1225,1848899719.0,4.0,4.0,54.0,7.0,105.829621,-1.0,4.0,4.055914,1.0,0.0,-1.0,0.0,115.89475,-1.0,14.606404,0.0,23.229104,1.0,161.316268
1206,1848899723.0,2.0,4.0,127.0,2.0,32.87807,-1.0,2.0,95.78397,1.0,-1.0,1.0,0.0,42.964419,3.0,85.206362,0.0,15.21628,1.0,144.009948
7098,1848899727.0,3.0,4.0,137.0,3.0,23.292755,-1.0,3.0,20.553995,1.0,0.0,1.0,0.0,33.656988,3.0,23.387561,0.0,13.785425,1.0,148.790412
7099,1848899729.0,3.0,3.0,137.0,3.0,23.366771,-1.0,3.0,33.510319,1.0,0.0,-1.0,0.0,33.375576,4.0,4.094502,0.0,27.418874,1.0,212.947154
1228,1848899734.0,4.0,4.0,99.0,1.0,61.137843,-1.0,3.0,43.552232,1.0,0.0,1.0,0.0,72.021315,3.0,36.099803,0.0,14.695136,1.0,61.136355
7100,1848899737.0,2.0,4.0,143.0,3.0,17.357477,-1.0,2.0,95.157268,1.0,-1.0,1.0,0.0,27.701898,1.0,8.150031,0.0,16.14009,1.0,76.004542
1207,1848899739.0,4.0,2.0,91.0,2.0,68.710684,-1.0,2.0,18.737066,2.0,0.0,1.0,0.0,79.592449,3.0,13.508346,0.0,90.731378,1.0,64.432392
7101,1848899744.0,2.0,4.0,112.0,3.0,48.43144,-1.0,3.0,53.660816,1.0,0.0,1.0,0.0,59.308916,2.0,32.603317,0.0,64.745344,1.0,126.426135
1208,1848899749.0,4.0,2.0,157.0,2.0,2.571051,-1.0,2.0,23.141149,2.0,0.0,1.0,0.0,13.557826,1.0,68.491977,0.0,13.877388,1.0,201.520449
1225,1848899753.0,4.0,3.0,58.0,9.0,102.254411,-1.0,3.0,129.32075,2.0,0.0,0.0,0.0,113.106291,3.0,18.476532,1.0,94.96383,0.0,43.156506
1226,1848899756.0,-1.0,3.0,74.0,7.0,-1.0,-1.0,4.0,38.070333,1.0,0.0,-1.0,0.0,-1.0,4.0,46.46358,0.0,0.566538,1.0,27.309629
1320,1848899761.0,3.0,2.0,144.0,-1.0,15.742477,-1.0,3.0,61.649064,1.0,0.0,1.0,0.0,25.903889,-1.0,16.462462,0.0,29.836709,1.0,134.456857
7102,1848899764.0,4.0,3.0,120.0,3.0,40.276687,-1.0,2.0,107.368231,1.0,0.0,1.0,0.0,50.926593,4.0,89.462308,-1.0,16.107015,1.0,234.568995
1226,1848899767.0,3.0,4.0,158.0,9.0,2.152101,-1.0,4.0,6.265772,2.0,-1.0,1.0,0.0,12.760878,2.0,24.942832,0.0,10.318486,1.0,2.151968
1204,1848899772.0,4.0,3.0,77.0,6.0,82.787284,-1.0,3.0,58.269427,1.0,0.0,0.0,0.0,93.587116,4.0,26.730983,1.0,17.359669,0.0,193.122536
1205,1848899777.0,4.0,2.0,96.0,6.0,64.140341,-1.0,4.0,5.910336,2.0,0.0,1.0,0.0,74.940306,3.0,7.449353,1.0,36.544432,1.0,171.983875
1209,1848899779.0,3.0,-1.0,133.0,2.0,26.801808,-1.0,-1.0,-1.0,2.0,-1.0,-1.0,0.0,37.733716,3.0,-1.0,-1.0,14.929514,1.0,3.497579
7103,1848899782.0,-1.0,2.0,157.0,3.0,2.847784,-1.0,4.0,9.59082,1.0,0.0,1.0,0.0,13.446264,3.0,22.205211,0.0,22.943197,1.0,82.104134
7104,1848899788.0,4.0,4.0,158.0,3.0,2.433164,-1.0,4.0,16.986286,2.0,0.0,1.0,0.0,12.748735,3.0,28.182025,0.0,44.977913,1.0,31.622043
1206,1848899794.0,4.0,3.0,121.0,6.0,39.30644,-1.0,-1.0,64.481624,1.0,0.0,0.0,0.0,49.473441,3.0,118.120812,0.0,49.656655,0.0,98.613847
7105,1848899799.0,2.0,4.0,154.0,3.0,5.998537,-1.0,3.0,13.696732,1.0,0.0,1.0,0.0,16.369533,2.0,74.029276,0.0,56.759859,-1.0,86.57
7106,1848899802.0,4.0,2.0,147.0,3.0,12.904737,-1.0,-1.0,94.92333,1.0,0.0,1.0,0.0,23.790651,3.0,105.901206,0.0,28.483605,1.0,64.89906
7107,1848899807.0,4.0,4.0,123.0,3.0,37.272297,-1.0,2.0,90.494536,1.0,0.0,1.0,0.0,48.251594,4.0,43.300043,0.0,13.188798,-1.0,244.888583
7108,1848899810.0,4.0,4.0,106.0,3.0,53.974082,-1.0,4.0,25.880864,2.0,0.0,1.0,0.0,64.872466,4.0,3.736519,0.0,19.472462,1.0,73.992302
1116,1848899812.0,4.0,3.0,124.0,5.0,35.567998,-1.0,2.0,41.585494,1.0,0.0,1.0,0.0,45.706545,3.0,9.504283,0.0,33.679636,1.0,126.427953
1210,1848899818.0,3.0,2.0,151.0,2.0,8.789377,-1.0,3.0,4.443054,1.0,0.0,1.0,0.0,18.791301,3.0,-1.0,0.0,17.381878,-1.0,44.687536
7109,1848899824.0,2.0,4.0,137.0,3.0,23.031145,-1.0,3.0,56.045945,1.0,0.0,1.0,0.0,33.783169,-1.0,-1.0,1.0,20.320272,1.0,149.712103
1148,1848899827.0,3.0,4.0,122.0,0.0,38.479919,-1.0,-1.0,-1.0,1.0,0.0,1.0,0.0,49.453216,3.0,32.338071,0.0,51.34967,-1.0,102.005947
1149,1848899831.0,2.0,2.0,131.0,0.0,29.406294,-1.0,2.0,121.157578,1.0,0.0,1.0,0.0,40.203023,4.0,42.989909,1.0,47.898836,1.0,43.100583
7110,1848899833.0,3.0,4.0,108.0,3.0,51.617006,-1.0,3.0,16.729985,2.0,0.0,1.0,0.0,62.456523,2.0,6.701686,0.0,12.673946,1.0,175.293339
7111,1848899835.0,-1.0,2.0,109.0,3.0,51.041279,-1.0,-1.0,42.198624,1.0,0.0,1.0,0.0,61.771152,1.0,32.515718,0.0,2.560482,1.0,-1.0
7112,1848899838.0,3.0,4.0,153.0,3.0,6.546158,-1.0,2.0,46.832071,1.0,0.0,-1.0,0.0,17.125707,3.0,-1.0,0.0,91.948118,1.0,180.87307
7113,1848899842.0,3.0,-1.0,79.0,3.0,80.695051,-1.0,3.0,74.136505,1.0,0.0,1.0,0.0,90.951757,1.0,23.317578,0.0,18.762154,-1.0,65.117248
1321,1848899846.0,2.0,3.0,150.0,-1.0,9.665041,-1.0,4.0,51.904714,1.0,0.0,1.0,0.0,20.09355,3.0,14.598258,0.0,15.942864,1.0,103.870347
1229,1848899852.0,3.0,2.0,158.0,1.0,2.165037,-1.0,4.0,37.959744,2.0,0.0,1.0,0.0,12.901245,1.0,-1.0,0.0,5.001719,1.0,141.970912
7114,1848899854.0,4.0,2.0,124.0,3.0,36.118886,-1.0,3.0,106.989721,1.0,0.0,-1.0,0.0,46.194476,3.0,25.456056,-1.0,38.28738,1.0,82.871982
7115,1848899860.0,3.0,2.0,128.0,3.0,32.025376,-1.0,4.0,60.066589,1.0,0.0,-1.0,0.0,42.225633,4.0,-1.0,0.0,41.204445,0.0,256.76667
1211,1848899864.0,3.0,2.0,153.0,2.0,7.294971,-1.0,2.0,-1.0,2.0,0.0,1.0,0.0,17.315086,-1.0,-1.0,-1.0,1.644114,1.0,40.952315
1322,1848899869.0,3.0,2.0,144.0,-1.0,16.322082,-1.0,4.0,22.563202,0.0,1.0,1.0,1.0,26.839061,3.0,-1.0,1.0,27.886013,1.0,73.0079
7116,1848899873.0,3.0,3.0,105.0,3.0,54.637052,-1.0,2.0,54.296931,1.0,0.0,0.0,0.0,65.602176,3.0,-1.0,0.0,56.441093,0.0,204.269957
7117,1848899875.0,2.0,4.0,157.0,3.0,3.32314,-1.0,2.0,22.609688,0.0,1.0,-1.0,1.0,13.690734,3.0,35.335899,0.0,7.714102,1.0,87.821352
7118,1848899878.0,4.0,2.0,46.0,3.0,114.234316,-1.0,3.0,71.135989,0.0,1.0,1.0,1.0,124.551767,2.0,104.699755,0.0,47.961625,-1.0,-1.0
1138,1848899884.0,3.0,3.0,151.0,4.0,8.669134,-1.0,3.0,31.904463,2.0,0.0,-1.0,0.0,19.657103,2.0,37.690221,0.0,5.161689,1.0,48.32516
1227,1848899888.0,-1.0,3.0,150.0,7.0,9.724764,-1.0,3.0,93.123665,0.0,1.0,1.0,1.0,20.549098,4.0,9.102059,0.0,2.289881,1.0,276.3731
1323,1848899892.0,3.0,2.0,130.0,-1.0,29.745864,-1.0,3.0,23.792854,1.0,0.0,1.0,0.0,39.965955,3.0,57.01456,-1.0,0.103539,1.0,128.070089
1117,1848899894.0,-1.0,2.0,100.0,5.0,60.210917,-1.0,4.0,93.128315,1.0,0.0,1.0,0.0,70.74194,3.0,-1.0,0.0,13.67694,1.0,49.260247
1230,1848899898.0,-1.0,3.0,108.0,1.0,51.56577,-1.0,2.0,30.633684,2.0,0.0,1.0,0.0,61.914373,4.0,63.044332,0.0,35.548681,1.0,4.853018
1231,1848899902.0,4.0,4.0,154.0,1.0,6.097647,-1.0,4.0,88.629969,1.0,0.0,1.0,0.0,16.336005,4.0,22.470075,1.0,30.095635,1.0,118.929303
1212,1848899906.0,3.0,3.0,133.0,2.0,27.407977,-1.0,2.0,40.989362,2.0,0.0,-1.0,0.0,37.559559,3.0,18.956362,0.0,18.576356,1.0,58.61554
1118,1848899909.0,4.0,3.0,74.0,5.0,-1.0,-1.0,4.0,68.491537,1.0,-1.0,1.0,0.0,-1.0,4.0,2.223502,1.0,10.762704,1.0,211.990753
7119,1848899913.0,3.0,2.0,153.0,3.0,6.601465,-1.0,4.0,137.449976,0.0,1.0,1.0,1.0,16.796653,3.0,102.220943,0.0,67.192667,-1.0,110.596762
1232,1848899919.0,3.0,2.0,150.0,1.0,9.80778,-1.0,3.0,44.894679,1.0,0.0,1.0,0.0,20.315171,4.0,18.032221,0.0,4.270803,1.0,-1.0
7120,1848899922.0,-1.0,2.0,128.0,3.0,32.137225,-1.0,4.0,128.56874,1.0,0.0,-1.0,0.0,42.577972,3.0,18.853098,0.0,24.476149,1.0,146.052433
7121,1848899927.0,2.0,2.0,77.0,3.0,83.312325,-1.0,4.0,19.965423,1.0,0.0,1.0,0.0,93.824047,1.0,136.193272,0.0,15.771116,1.0,55.153505
7122,1848899933.0,3.0,3.0,159.0,3.0,1.138046,-1.0,3.0,18.957489,1.0,0.0,1.0,0.0,11.591568,-1.0,116.26661,0.0,21.088786,1.0,145.663981
1207,1848899936.0,-1.0,-1.0,6.0,6.0,154.097119,-1.0,3.0,23.711626,2.0,0.0,1.0,0.0,164.332428,1.0,18.081702,0.0,2.732466,1.0,118.152729
7123,1848899940.0,-1.0,3.0,93.0,3.0,67.334175,-1.0,2.0,79.707951,1.0,0.0,1.0,0.0,77.412042,4.0,27.614996,0.0,4.971609,1.0,246.975113
1150,1848899946.0,3.0,3.0,143.0,0.0,16.942501,-1.0,2.0,21.137982,1.0,0.0,-1.0,0.0,27.184541,3.0,118.261469,1.0,25.683837,1.0,172.366608
1213,1848899952.0,3.0,3.0,134.0,2.0,26.375555,-1.0,2.0,-1.0,1.0,0.0,1.0,0.0,36.598029,3.0,128.161345,0.0,29.763435,-1.0,101.5523
7124,1848899956.0,3.0,4.0,136.0,3.0,23.928261,-1.0,3.0,39.015739,1.0,0.0,1.0,0.0,34.525776,-1.0,58.512316,0.0,31.312021,1.0,71.184113
1151,1848899961.0,-1.0,3.0,149.0,0.0,10.806106,-1.0,4.0,19.704014,1.0,0.0,-1.0,0.0,21.357603,3.0,-1.0,1.0,7.417689,1.0,12.138165
7125,1848899965.0,4.0,4.0,131.0,3.0,29.340111,-1.0,-1.0,12.16377,1.0,0.0,1.0,0.0,40.219713,3.0,73.270117,0.0,11.271733,1.0,62.463737
1139,1848899971.0,2.0,3.0,159.0,4.0,0.532388,-1.0,3.0,34.764749,2.0,-1.0,1.0,0.0,11.50647,3.0,131.623357,0.0,51.096889,1.0,25.386321
7126,1848899973.0,4.0,2.0,154.0,3.0,5.968586,-1.0,4.0,10.626152,1.0,0.0,-1.0,0.0,15.984958,4.0,116.81891,0.0,29.160589,1.0,62.679387
7127,1848899979.0,3.0,3.0,43.0,3.0,116.552308,-1.0,-1.0,13.924682,0.0,1.0,1.0,1.0,127.131717,1.0,57.346107,0.0,42.318978,1.0,30.582705
1140,1848899985.0,4.0,2.0,142.0,4.0,17.647551,-1.0,4.0,-1.0,1.0,0.0,1.0,0.0,27.787117,3.0,-1.0,0.0,3.490175,1.0,136.675271
1214,1848899991.0,2.0,4.0,87.0,2.0,72.618579,-1.0,-1.0,22.234173,1.0,-1.0,1.0,0.0,83.341543,4.0,78.669296,0.0,66.13957,1.0,115.109451
1208,1848899994.0,4.0,2.0,143.0,6.0,17.059213,-1.0,4.0,33.51258,1.0,0.0,1.0,0.0,27.919921,4.0,19.804725,0.0,40.786863,1.0,139.692296
1228,1848899999.0,3.0,3.0,88.0,7.0,72.33185,-1.0,3.0,32.271768,1.0,0.0,1.0,0.0,82.462121,2.0,18.642344,0.0,10.894206,1.0,188.232071
1186,1848900002.0,2.0,3.0,157.0,8.0,3.039577,-1.0,4.0,84.591622,1.0,0.0,1.0,0.0,13.725183,4.0,10.903,0.0,27.429077,1.0,93.72117
7128,1848900007.0,3.0,2.0,147.0,3.0,12.813243,-1.0,4.0,-1.0,1.0,0.0,-1.0,0.0,23.188275,3.0,8.020113,0.0,11.692658,-1.0,124.249688
1227,1848900009.0,4.0,3.0,117.0,9.0,43.087029,-1.0,-1.0,-1.0,2.0,0.0,1.0,0.0,54.082355,2.0,91.352344,1.0,33.749931,1.0,132.164167
1324,1848900014.0,-1.0,3.0,117.0,-1.0,42.94175,-1.0,3.0,23.466825,1.0,0.0,-1.0,0.0,53.843636,1.0,59.514115,0.0,73.809085,1.0,123.491943
1228,1848900017.0,2.0,3.0,124.0,9.0,36.230289,-1.0,4.0,101.317966,1.0,0.0,1.0,0.0,46.477948,3.0,25.256317,1.0,34.842846,1.0,136.729688
1187,1848900022.0,2.0,4.0,159.0,8.0,1.025533,-1.0,4.0,113.455677,1.0,0.0,-1.0,0.0,11.946119,-1.0,66.872298,0.0,33.444192,1.0,37.473049
1141,1848900028.0,4.0,-1.0,158.0,4.0,2.355715,-1.0,3.0,78.081332,1.0,0.0,1.0,0.0,12.562223,3.0,68.930608,0.0,20.116447,1.0,169.237555
7129,1848900031.0,2.0,4.0,125.0,3.0,35.239394,-1.0,3.0,56.082717,1.0,0.0,1.0,0.0,45.8466,3.0,10.770338,0.0,56.476033,1.0,46.998686
7130,1848900033.0,2.0,-1.0,129.0,3.0,30.563091,-1.0,4.0,138.920693,2.0,0.0,-1.0,0.0,40.648526,-1.0,-1.0,1.0,21.438447,1.0,102.528125
1119,1848900037.0,4.0,3.0,71.0,5.0,88.96183,-1.0,4.0,32.410372,2.0,0.0,-1.0,0.0,99.765674,3.0,20.372468,1.0,51.861336,1.0,133.80882
7131,1848900041.0,3.0,2.0,110.0,3.0,49.725669,-1.0,3.0,23.78733,0.0,1.0,1.0,1.0,60.363787,3.0,9.329946,0.0,22.535922,1.0,107.393351
1209,1848900046.0,3.0,3.0,140.0,6.0,20.4476,-1.0,3.0,86.477264,1.0,0.0,-1.0,0.0,31.124075,3.0,72.225716,0.0,11.93714,1.0,76.071927
7132,1848900048.0,4.0,2.0,149.0,3.0,11.47982,-1.0,2.0,36.246317,1.0,0.0,1.0,0.0,21.989779,4.0,46.116126,0.0,11.032041,1.0,103.644116
7133,1848900053.0,2.0,3.0,74.0,3.0,-1.0,-1.0,3.0,105.679358,1.0,0.0,0.0,0.0,-1.0,1.0,102.277406,1.0,6.123818,0.0,40.735108
1229,1848900057.0,2.0,3.0,114.0,9.0,45.868959,-1.0,4.0,-1.0,2.0,0.0,-1.0,0.0,56.531333,1.0,110.98748,1.0,5.889673,1.0,46.841284
7134,1848900062.0,2.0,2.0,131.0,3.0,29.195813,-1.0,3.0,-1.0,0.0,1.0,1.0,1.0,39.96537,4.0,61.650797,0.0,23.578005,1.0,6.071427
7135,1848900065.0,3.0,3.0,117.0,3.0,42.870402,-1.0,2.0,115.212482,1.0,-1.0,1.0,0.0,53.292667,-1.0,35.156756,0.0,53.278639,1.0,157.449115
7136,1848900070.0,3.0,4.0,151.0,3.0,8.849737,-1.0,3.0,18.12992,1.0,0.0,1.0,0.0,18.993427,3.0,79.420774,0.0,76.927166,1.0,13.631787
7137,1848900074.0,3.0,3.0,130.0,3.0,30.279639,-1.0,4.0,26.310624,1.0,0.0,1.0,0.0,41.151357,3.0,22.317499,-1.0,15.268626,1.0,58.10017
1325,1848900078.0,4.0,3.0,120.0,-1.0,40.283235,-1.0,3.0,2.481965,2.0,0.0,-1.0,0.0,50.947863,3.0,15.327304,0.0,38.141528,1.0,202.618211
7138,1848900080.0,2.0,2.0,89.0,3.0,71.275886,-1.0,4.0,58.436958,1.0,0.0,1.0,0.0,82.053772,3.0,1.516047,0.0,17.693231,1.0,9.201533
1142,1848900082.0,2.0,2.0,77.0,4.0,82.552134,-1.0,3.0,17.625115,2.0,-1.0,1.0,0.0,92.942717,4.0,-1.0,0.0,14.575065,1.0,38.006522
1152,1848900084.0,4.0,3.0,129.0,0.0,30.887985,-1.0,3.0,83.745692,1.0,0.0,1.0,0.0,41.367576,-1.0,-1.0,0.0,14.176742,1.0,35.183338
7139,1848900086.0,2.0,4.0,103.0,3.0,57.106532,-1.0,4.0,37.604604,1.0,0.0,0.0,0.0,67.958932,3.0,7.622326,0.0,22.940589,0.0,125.705145
1188,1848900091.0,3.0,3.0,74.0,8.0,-1.0,-1.0,4.0,29.245374,2.0,0.0,1.0,0.0,-1.0,4.0,108.189407,0.0,24.701894,1.0,208.076134
1326,1848900094.0,2.0,2.0,118.0,-1.0,42.472318,-1.0,3.0,22.52248,2.0,0.0,1.0,0.0,53.186797,3.0,15.229329,1.0,80.12179,1.0,85.600591
7140,1848900097.0,3.0,2.0,137.0,3.0,22.88319,-1.0,3.0,5.707666,1.0,0.0,1.0,0.0,33.118768,-1.0,51.194028,0.0,3.28915,1.0,222.634751
7141,1848900102.0,2.0,3.0,145.0,3.0,15.439952,-1.0,2.0,5.251313,1.0,-1.0,1.0,0.0,26.161943,3.0,-1.0,1.0,26.064819,1.0,99.541498
1143,1848900108.0,3.0,2.0,60.0,4.0,99.790949,-1.0,3.0,-1.0,2.0,0.0,1.0,0.0,110.251002,3.0,51.156489,0.0,22.949025,1.0,11.58436
1120,1848900113.0,4.0,2.0,148.0,5.0,11.88034,-1.0,4.0,27.811743,1.0,-1.0,1.0,0.0,22.575332,3.0,78.710579,0.0,23.564905,1.0,-1.0
1327,1848900118.0,3.0,3.0,94.0,-1.0,66.184226,-1.0,2.0,127.446634,1.0,0.0,1.0,0.0,76.537922,2.0,28.838019,0.0,2.637258,1.0,12.105397
7142,1848900120.0,-1.0,2.0,154.0,3.0,5.924661,-1.0,4.0,0.923168,1.0,0.0,1.0,0.0,16.357242,-1.0,114.752929,0.0,24.97083,1.0,78.96483
1144,1848900125.0,3.0,3.0,138.0,4.0,21.779398,-1.0,4.0,104.689039,2.0,0.0,1.0,0.0,32.695631,4.0,74.675646,0.0,5.03391,1.0,107.986061
1153,1848900129.0,4.0,2.0,145.0,0.0,14.976453,-1.0,4.0,111.327394,1.0,0.0,-1.0,0.0,25.21674,1.0,46.220807,1.0,36.259046,1.0,165.071388
1215,1848900135.0,2.0,2.0,139.0,2.0,21.092941,-1.0,3.0,44.38666,1.0,0.0,1.0,0.0,31.109259,3.0,9.517206,0.0,36.932666,1.0,161.731636
1145,1848900138.0,4.0,2.0,159.0,4.0,1.364924,-1.0,-1.0,123.414973,1.0,0.0,1.0,0.0,11.701007,2.0,22.968136,1.0,38.411542,1.0,26.611869
1189,1848900140.0,3.0,2.0,90.0,8.0,69.921362,-1.0,2.0,18.586122,1.0,-1.0,1.0,0.0,80.379751,1.0,126.965302,0.0,31.114779,1.0,77.085621
1328,1848900145.0,3.0,3.0,84.0,-1.0,76.0245,-1.0,2.0,11.974023,2.0,0.0,1.0,0.0,86.925345,3.0,99.762467,-1.0,48.227706,1.0,6.039753
7143,1848900147.0,3.0,4.0,145.0,3.0,15.252558,-1.0,4.0,76.335727,1.0,0.0,0.0,0.0,26.213992,3.0,20.421542,0.0,25.074589,0.0,128.381142
1210,1848900151.0,3.0,4.0,158.0,6.0,1.566771,-1.0,2.0,65.617394,1.0,0.0,1.0,0.0,12.154895,4.0,38.752248,0.0,26.887821,1.0,85.646653
1190,1848900153.0,3.0,3.0,156.0,8.0,4.409435,-1.0,2.0,-1.0,2.0,0.0,0.0,0.0,14.580978,3.0,5.121657,0.0,23.191191,0.0,32.829875
1121,1848900155.0,2.0,2.0,94.0,5.0,65.862955,-1.0,-1.0,63.439474,0.0,1.0,1.0,1.0,76.458372,3.0,51.284642,1.0,15.982006,1.0,164.120876
7144,1848900161.0,3.0,2.0,133.0,3.0,27.077312,-1.0,3.0,66.639801,1.0,0.0,1.0,0.0,37.187363,4.0,70.696649,0.0,2.27645,1.0,9.299955
1233,1848900164.0,2.0,4.0,142.0,1.0,17.914593,-1.0,4.0,21.739232,1.0,0.0,1.0,0.0,28.493054,2.0,-1.0,0.0,26.03188,1.0,163.202764
1329,1848900167.0,2.0,2.0,111.0,-1.0,49.006479,-1.0,2.0,12.11135,1.0,-1.0,1.0,0.0,59.527987,1.0,75.640289,0.0,19.427799,1.0,274.769201
1211,1848900170.0,3.0,3.0,129.0,6.0,30.530052,-1.0,2.0,33.321236,0.0,1.0,1.0,1.0,41.200766,2.0,73.010129,-1.0,35.990646,1.0,75.10886
7145,1848900172.0,3.0,2.0,121.0,3.0,39.280456,-1.0,-1.0,20.509051,1.0,0.0,1.0,0.0,49.756528,3.0,-1.0,1.0,39.018241,1.0,12.604685
1230,1848900175.0,4.0,2.0,93.0,9.0,66.838891,-1.0,2.0,18.665162,1.0,0.0,1.0,0.0,76.869339,2.0,9.562443,0.0,32.706389,1.0,141.56371
1234,1848900179.0,2.0,2.0,101.0,1.0,58.735438,-1.0,2.0,112.864438,1.0,0.0,-1.0,0.0,69.701194,3.0,21.8622,0.0,26.694822,1.0,227.373012
1330,1848900184.0,2.0,4.0,49.0,-1.0,110.58041,-1.0,3.0,-1.0,1.0,0.0,-1.0,0.0,120.699951,4.0,7.625631,0.0,78.66019,1.0,153.948557
7146,1848900187.0,2.0,4.0,38.0,3.0,122.460101,-1.0,3.0,62.229726,2.0,0.0,1.0,0.0,133.195509,1.0,40.484773,1.0,10.624824,1.0,95.894489
7147,1848900191.0,2.0,2.0,69.0,3.0,91.149186,-1.0,3.0,-1.0,2.0,0.0,1.0,0.0,101.172672,3.0,4.650864,0.0,20.429101,1.0,226.612244
1231,1848900194.0,4.0,3.0,85.0,9.0,75.117282,-1.0,3.0,11.220521,1.0,-1.0,1.0,0.0,85.803155,3.0,10.225815,0.0,9.433839,1.0,126.325634
7148,1848900199.0,2.0,3.0,146.0,3.0,13.692341,-1.0,2.0,138.033727,1.0,0.0,1.0,0.0,23.738662,1.0,131.841185,-1.0,14.891816,1.0,24.930429
1191,1848900203.0,2.0,3.0,90.0,8.0,69.605855,-1.0,4.0,-1.0,1.0,0.0,1.0,0.0,80.319518,3.0,75.361058,0.0,46.884702,1.0,290.348552
1122,1848900207.0,2.0,2.0,70.0,5.0,89.932985,-1.0,3.0,104.633283,1.0,0.0,-1.0,0.0,100.294931,3.0,24.55435,1.0,56.652524,1.0,100.65306
1331,1848900210.0,3.0,2.0,90.0,-1.0,69.649922,-1.0,-1.0,14.945802,1.0,0.0,1.0,0.0,80.531053,3.0,51.256857,0.0,5.122275,1.0,83.348587
7149,1848900213.0,3.0,4.0,74.0,3.0,-1.0,-1.0,3.0,27.855061,2.0,0.0,1.0,0.0,-1.0,2.0,11.060157,1.0,15.398455,1.0,156.035034
1212,1848900216.0,4.0,4.0,151.0,6.0,8.566366,-1.0,3.0,63.298038,1.0,0.0,0.0,0.0,18.78228,4.0,59.131649,0.0,13.92913,0.0,138.175589
1235,1848900218.0,2.0,2.0,137.0,1.0,23.240508,-1.0,4.0,36.327916,1.0,0.0,-1.0,0.0,33.855451,2.0,19.148011,0.0,12.296517,1.0,126.280474
7150,1848900223.0,3.0,3.0,104.0,3.0,55.779261,-1.0,-1.0,46.595027,1.0,0.0,1.0,0.0,66.173112,3.0,5.11094,1.0,32.023567,1.0,7.907864
1216,1848900226.0,4.0,4.0,119.0,2.0,41.478152,-1.0,2.0,28.048634,1.0,-1.0,0.0,0.0,51.883771,3.0,10.258732,-1.0,21.502717,0.0,7.10071
1213,1848900231.0,4.0,2.0,147.0,6.0,12.944597,-1.0,-1.0,10.524779,1.0,0.0,1.0,0.0,22.989542,3.0,-1.0,-1.0,18.038323,-1.0,242.944161
1192,1848900234.0,2.0,3.0,152.0,8.0,7.639796,-1.0,4.0,9.008886,1.0,0.0,-1.0,0.0,18.023846,-1.0,-1.0,0.0,12.456714,0.0,76.306629
7151,1848900237.0,4.0,4.0,103.0,3.0,57.338414,-1.0,2.0,34.210714,1.0,0.0,1.0,0.0,68.26692,1.0,44.375873,0.0,7.539236,1.0,1.022407
7152,1848900243.0,4.0,4.0,120.0,3.0,40.358594,-1.0,3.0,89.074225,2.0,-1.0,1.0,0.0,50.612511,1.0,60.177742,0.0,62.155289,1.0,9.41956
1229,1848900247.0,3.0,4.0,145.0,7.0,14.606299,-1.0,2.0,28.938076,1.0,0.0,1.0,0.0,24.763965,3.0,29.024883,0.0,20.716415,1.0,177.528862
1123,1848900253.0,-1.0,4.0,123.0,5.0,37.223483,-1.0,3.0,42.622814,1.0,0.0,1.0,0.0,48.093605,4.0,22.022866,0.0,8.673798,1.0,123.499306
1146,1848900255.0,3.0,3.0,134.0,4.0,25.90021,-1.0,4.0,31.025394,2.0,0.0,1.0,0.0,35.946752,2.0,52.496905,-1.0,10.548455,-1.0,24.735607
7153,1848900258.0,3.0,3.0,147.0,3.0,13.422419,-1.0,4.0,88.683921,0.0,1.0,1.0,1.0,24.361929,3.0,47.880355,0.0,37.613648,1.0,64.941651
1214,1848900262.0,3.0,4.0,146.0,6.0,13.529357,-1.0,-1.0,23.045772,1.0,0.0,1.0,0.0,23.880342,3.0,17.620224,0.0,50.636916,1.0,81.024714
7154,1848900266.0,4.0,3.0,114.0,3.0,45.829097,-1.0,-1.0,122.027914,0.0,1.0,0.0,1.0,56.277273,3.0,137.192437,0.0,21.472547,0.0,198.153727
7155,1848900272.0,2.0,2.0,147.0,3.0,13.429265,-1.0,4.0,-1.0,1.0,0.0,1.0,0.0,24.084324,-1.0,56.3676,0.0,3.460757,1.0,-1.0
1193,1848900276.0,4.0,4.0,157.0,8.0,3.232411,-1.0,2.0,124.644347,1.0,0.0,1.0,0.0,13.563854,2.0,24.78458,0.0,26.114064,1.0,154.901727
1124,1848900281.0,2.0,3.0,142.0,5.0,17.638463,-1.0,4.0,-1.0,1.0,0.0,1.0,0.0,28.489255,4.0,-1.0,0.0,2.575405,1.0,52.279219
1332,1848900283.0,3.0,4.0,148.0,-1.0,12.314416,-1.0,3.0,17.580826,1.0,0.0,0.0,0.0,23.152708,3.0,16.333805,1.0,0.187753,0.0,32.325725
1147,1848900288.0,3.0,4.0,138.0,4.0,21.80726,-1.0,-1.0,24.188094,2.0,-1.0,-1.0,0.0,31.892527,3.0,-1.0,0.0,83.404773,0.0,125.063542
7156,1848900291.0,4.0,4.0,39.0,3.0,120.847169,-1.0,3.0,8.904336,2.0,-1.0,1.0,0.0,131.609049,3.0,90.458809,0.0,1.064266,1.0,145.042735
1154,1848900297.0,2.0,2.0,74.0,0.0,-1.0,-1.0,-1.0,-1.0,1.0,-1.0,-1.0,0.0,-1.0,1.0,21.21188,-1.0,0.378819,1.0,155.606562
1236,1848900299.0,2.0,4.0,42.0,1.0,117.77673,-1.0,3.0,23.913861,1.0,0.0,1.0,0.0,128.055609,4.0,48.02269,0.0,29.384289,1.0,31.270332
7157,1848900302.0,-1.0,2.0,136.0,3.0,24.289881,-1.0,4.0,41.513754,2.0,-1.0,0.0,0.0,35.209979,3.0,-1.0,-1.0,1.363669,0.0,96.845827
1215,1848900306.0,3.0,3.0,153.0,6.0,6.903554,-1.0,3.0,37.016025,1.0,0.0,1.0,0.0,17.508597,-1.0,52.125207,0.0,37.755688,1.0,176.942122
1216,1848900310.0,2.0,4.0,130.0,6.0,30.339083,-1.0,2.0,-1.0,1.0,0.0,1.0,0.0,40.629884,3.0,67.636898,0.0,36.480953,-1.0,24.110227
1194,1848900312.0,4.0,3.0,150.0,8.0,9.834446,-1.0,-1.0,27.003403,0.0,1.0,1.0,1.0,20.490364,2.0,27.575733,0.0,79.854578,1.0,97.01032
1237,1848900316.0,2.0,3.0,74.0,1.0,-1.0,-1.0,2.0,14.63559,2.0,0.0,1.0,0.0,-1.0,1.0,49.711543,-1.0,3.655921,1.0,29.570964
1155,1848900320.0,4.0,4.0,125.0,0.0,35.263557,-1.0,4.0,24.449986,2.0,0.0,-1.0,0.0,45.468574,1.0,33.967625,0.0,43.458889,1.0,111.155623
1333,1848900325.0,3.0,3.0,74.0,-1.0,-1.0,-1.0,3.0,76.122163,1.0,0.0,1.0,0.0,-1.0,4.0,103.724208,0.0,26.500546,1.0,84.755248
1238,1848900328.0,2.0,2.0,156.0,1.0,4.203387,-1.0,2.0,6.355859,1.0,0.0,1.0,0.0,14.595568,3.0,25.991889,-1.0,2.77708,1.0,104.508382
1125,1848900331.0,4.0,3.0,114.0,5.0,46.171876,-1.0,2.0,4.168903,1.0,0.0,1.0,0.0,57.02343,3.0,121.050313,0.0,0.222175,1.0,176.768699
7158,1848900337.0,3.0,4.0,152.0,3.0,7.860904,-1.0,2.0,50.5723,1.0,0.0,1.0,0.0,18.24085,1.0,86.015111,-1.0,30.065421,1.0,-1.0
1195,1848900342.0,4.0,4.0,26.0,8.0,134.447497,-1.0,-1.0,95.488617,1.0,0.0,1.0,0.0,144.977029,-1.0,73.675556,0.0,57.655705,1.0,111.337329
7159,1848900344.0,4.0,3.0,110.0,3.0,49.543721,-1.0,3.0,21.625367,1.0,-1.0,1.0,0.0,59.976021,3.0,3.624864,-1.0,77.555708,1.0,49.43214
1217,1848900350.0,4.0,3.0,57.0,2.0,103.471714,-1.0,-1.0,6.87367,1.0,0.0,-1.0,0.0,114.355977,-1.0,7.832899,0.0,10.958222,1.0,40.102158
1230,1848900354.0,3.0,2.0,122.0,7.0,38.122495,-1.0,-1.0,76.429456,1.0,0.0,1.0,0.0,48.349989,2.0,21.850417,0.0,15.346285,1.0,210.514872
7160,1848900358.0,2.0,2.0,152.0,3.0,7.972557,-1.0,2.0,58.497754,1.0,0.0,1.0,0.0,18.228372,1.0,-1.0,0.0,7.364654,1.0,180.985726
7161,1848900364.0,3.0,4.0,5.0,3.0,155.115197,-1.0,3.0,61.517702,1.0,0.0,1.0,0.0,165.862951,3.0,119.422769,-1.0,78.089696,1.0,158.356935
1217,1848900366.0,3.0,3.0,144.0,6.0,16.181102,-1.0,2.0,21.579469,1.0,0.0,0.0,0.0,26.478992,2.0,8.642842,-1.0,23.037312,0.0,53.321902
7162,1848900372.0,4.0,4.0,80.0,3.0,80.262853,-1.0,4.0,35.419645,1.0,0.0,1.0,0.0,90.857687,-1.0,24.050875,0.0,54.819473,1.0,46.593001
1239,1848900377.0,3.0,3.0,136.0,1.0,23.685335,-1.0,4.0,35.304747,1.0,-1.0,1.0,0.0,34.193223,3.0,59.946479,-1.0,63.263349,1.0,104.59245
7163,1848900380.0,3.0,2.0,151.0,3.0,8.748542,-1.0,2.0,112.020731,2.0,0.0,1.0,0.0,19.420439,1.0,71.681092,0.0,28.065206,1.0,171.719766
7164,1848900384.0,2.0,4.0,151.0,3.0,8.873455,-1.0,2.0,126.969289,2.0,-1.0,1.0,0.0,18.986809,-1.0,38.796502,0.0,3.528334,1.0,113.464635
1240,1848900388.0,3.0,3.0,157.0,1.0,2.874877,-1.0,2.0,58.473408,2.0,0.0,-1.0,0.0,13.060386,1.0,102.659994,1.0,14.470945,0.0,191.255131
7165,1848900392.0,2.0,2.0,146.0,3.0,13.507442,-1.0,3.0,2.853941,2.0,0.0,1.0,0.0,23.758538,3.0,12.820759,0.0,58.239386,1.0,39.782058
7166,1848900398.0,3.0,2.0,129.0,3.0,31.473082,-1.0,3.0,59.166363,1.0,-1.0,1.0,0.0,41.848415,1.0,92.551446,0.0,51.426933,1.0,61.413532
1126,1848900404.0,4.0,2.0,90.0,5.0,69.938831,-1.0,3.0,42.453317,2.0,0.0,1.0,0.0,80.287022,-1.0,73.158519,0.0,16.392426,1.0,59.39097
1148,1848900409.0,4.0,3.0,94.0,4.0,66.484274,-1.0,4.0,151.877968,1.0,0.0,0.0,0.0,77.098566,1.0,-1.0,0.0,55.199199,0.0,81.259431
1127,1848900412.0,2.0,3.0,91.0,5.0,68.955014,-1.0,4.0,101.351157,2.0,-1.0,1.0,0.0,79.320812,2.0,-1.0,0.0,17.267187,1.0,178.187421
7167,1848900416.0,3.0,4.0,82.0,3.0,77.880931,-1.0,4.0,25.887877,1.0,0.0,0.0,0.0,88.142269,2.0,52.044866,1.0,34.913527,0.0,178.294316
1128,1848900422.0,2.0,2.0,105.0,5.0,54.750827,-1.0,3.0,30.210261,1.0,0.0,-1.0,0.0,65.708271,1.0,64.741271,1.0,48.959939,-1.0,126.675722
7168,1848900426.0,4.0,3.0,121.0,3.0,38.526588,-1.0,-1.0,45.09419,2.0,0.0,1.0,0.0,49.355494,3.0,4.943492,1.0,22.628963,1.0,81.259066
1334,1848900428.0,3.0,4.0,155.0,-1.0,5.205273,-1.0,3.0,61.835983,1.0,-1.0,1.0,0.0,15.561543,3.0,5.458956,0.0,32.240173,1.0,62.857669
7169,1848900430.0,2.0,3.0,80.0,3.0,79.61679,-1.0,3.0,99.594246,1.0,0.0,1.0,0.0,89.751421,2.0,15.523616,-1.0,39.137356,1.0,85.448493
7170,1848900432.0,4.0,4.0,120.0,3.0,39.828996,-1.0,-1.0,86.102166,2.0,0.0,1.0,0.0,50.566163,3.0,45.022264,0.0,3.049306,1.0,39.98215
1218,1848900436.0,3.0,4.0,128.0,6.0,31.638995,-1.0,2.0,13.64263,0.0,1.0,0.0,1.0,42.045169,3.0,95.606652,0.0,70.642847,0.0,54.979018
7171,1848900442.0,4.0,3.0,138.0,3.0,22.373268,-1.0,3.0,36.935065,2.0,0.0,1.0,0.0,33.176238,2.0,97.705474,1.0,48.862285,1.0,8.77082
1231,1848900445.0,4.0,3.0,38.0,7.0,122.046213,-1.0,-1.0,12.257443,1.0,0.0,-1.0,0.0,132.792475,3.0,32.086181,1.0,9.924747,-1.0,51.119591
1335,1848900447.0,2.0,3.0,53.0,-1.0,106.593981,-1.0,-1.0,65.641239,1.0,0.0,-1.0,0.0,117.398907,1.0,49.898502,-1.0,49.569706,1.0,69.907752
1241,1848900450.0,3.0,2.0,143.0,1.0,16.682559,-1.0,2.0,-1.0,1.0,0.0,1.0,0.0,27.054243,3.0,-1.0,-1.0,4.137072,1.0,68.671693
1336,1848900455.0,2.0,2.0,147.0,-1.0,12.664007,-1.0,4.0,101.976904,2.0,0.0,-1.0,0.0,23.058176,3.0,-1.0,0.0,27.335673,1.0,113.783115
7172,1848900460.0,4.0,4.0,120.0,3.0,40.100344,-1.0,3.0,38.639314,2.0,0.0,1.0,0.0,50.49566,3.0,70.887963,0.0,22.445549,-1.0,36.636132
7173,1848900464.0,3.0,4.0,148.0,3.0,12.144913,-1.0,3.0,70.55204,1.0,0.0,-1.0,0.0,22.168421,-1.0,42.340713,0.0,16.082191,1.0,-1.0
1219,1848900467.0,4.0,3.0,155.0,6.0,5.473533,-1.0,-1.0,105.931497,1.0,0.0,0.0,0.0,15.87062,2.0,40.880782,0.0,27.660626,0.0,-1.0
1242,1848900471.0,2.0,3.0,145.0,1.0,15.23216,-1.0,4.0,6.645502,1.0,0.0,-1.0,0.0,25.301193,-1.0,132.681699,0.0,35.840042,1.0,69.789284
1337,1848900477.0,3.0,2.0,133.0,-1.0,26.861208,-1.0,2.0,28.199793,1.0,0.0,0.0,0.0,37.301412,3.0,78.434689,0.0,27.65825,0.0,234.960565
1243,1848900483.0,3.0,3.0,71.0,1.0,89.270516,-1.0,3.0,30.25802,1.0,0.0,1.0,0.0,99.86168,1.0,12.731806,-1.0,19.026279,1.0,80.086599
7174,1848900489.0,4.0,3.0,84.0,3.0,75.876826,-1.0,4.0,-1.0,1.0,0.0,-1.0,0.0,86.205272,3.0,12.998475,0.0,10.902744,1.0,85.265442
7175,1848900493.0,2.0,4.0,137.0,3.0,22.864432,-1.0,3.0,54.569691,1.0,0.0,0.0,0.0,33.462923,3.0,103.268617,-1.0,8.432018,0.0,22.546777
1129,1848900499.0,3.0,4.0,153.0,5.0,7.031822,-1.0,4.0,6.275211,1.0,0.0,1.0,0.0,17.360438,4.0,22.886815,-1.0,23.521647,1.0,9.148552
1156,1848900501.0,4.0,4.0,127.0,0.0,33.352405,-1.0,4.0,-1.0,1.0,0.0,1.0,0.0,44.053637,-1.0,34.730782,0.0,8.011497,1.0,236.859474
7176,1848900503.0,4.0,3.0,74.0,3.0,-1.0,-1.0,3.0,32.02056,1.0,-1.0,0.0,0.0,-1.0,2.0,-1.0,-1.0,41.195163,0.0,9.727427
1232,1848900508.0,4.0,3.0,154.0,7.0,5.80749,-1.0,3.0,60.428329,1.0,0.0,0.0,0.0,16.662852,3.0,90.132539,0.0,13.698144,0.0,95.68859
1149,1848900513.0,2.0,2.0,149.0,4.0,10.725631,-1.0,2.0,20.981214,1.0,0.0,1.0,0.0,20.750945,3.0,31.825106,0.0,9.213456,1.0,5.177831
7177,1848900515.0,3.0,2.0,48.0,3.0,112.396603,-1.0,3.0,44.483893,1.0,0.0,-1.0,0.0,122.651151,3.0,28.199549,0.0,40.742589,1.0,86.924293
7178,1848900518.0,2.0,3.0,128.0,3.0,32.462411,-1.0,4.0,23.404301,2.0,0.0,0.0,0.0,42.481539,4.0,-1.0,0.0,13.548186,0.0,159.40432
7179,1848900520.0,3.0,2.0,134.0,3.0,26.131288,-1.0,4.0,11.253016,1.0,-1.0,0.0,0.0,36.695988,1.0,28.386054,0.0,8.34728,0.0,135.864767
1220,1848900526.0,3.0,4.0,89.0,6.0,71.151257,-1.0,2.0,106.615732,2.0,0.0,1.0,0.0,81.334465,1.0,6.465921,0.0,20.271706,-1.0,61.391061
7180,1848900531.0,4.0,4.0,121.0,3.0,38.677602,-1.0,4.0,77.33541,0.0,1.0,1.0,1.0,49.391968,3.0,-1.0,0.0,0.878218,1.0,78.79372
1233,1848900535.0,-1.0,3.0,149.0,7.0,11.375524,-1.0,4.0,89.530202,1.0,0.0,1.0,0.0,21.782998,-1.0,53.603719,0.0,35.452782,1.0,191.669545
1157,1848900538.0,2.0,4.0,86.0,0.0,73.893974,-1.0,3.0,30.724076,1.0,0.0,1.0,0.0,84.265743,3.0,-1.0,1.0,20.968534,1.0,39.02034
7181,1848900543.0,-1.0,3.0,143.0,3.0,16.942879,-1.0,4.0,73.681935,1.0,0.0,0.0,0.0,27.012314,2.0,81.475389,0.0,24.302409,0.0,13.645032
1244,1848900547.0,3.0,3.0,134.0,1.0,26.330328,-1.0,4.0,16.025254,1.0,0.0,1.0,0.0,37.223658,3.0,91.68512,1.0,58.030404,1.0,48.540206
7182,1848900550.0,3.0,4.0,122.0,3.0,38.217871,-1.0,-1.0,-1.0,1.0,0.0,0.0,0.0,48.838179,3.0,87.45024,0.0,12.455174,0.0,45.491898
7183,1848900555.0,3.0,2.0,76.0,3.0,83.652594,-1.0,4.0,8.537798,1.0,0.0,1.0,0.0,94.534142,3.0,108.262803,0.0,16.909435,1.0,39.541123
1130,1848900557.0,-1.0,3.0,144.0,5.0,16.467404,-1.0,4.0,86.573695,2.0,0.0,1.0,0.0,26.49185,-1.0,81.631833,-1.0,64.271563,-1.0,60.140143
1196,1848900560.0,2.0,2.0,116.0,8.0,43.934478,-1.0,3.0,85.452652,2.0,0.0,1.0,0.0,54.543251,3.0,43.722962,0.0,65.874967,1.0,115.665757
7184,1848900564.0,2.0,4.0,146.0,3.0,14.429527,-1.0,2.0,46.471433,1.0,0.0,1.0,0.0,25.381502,3.0,16.193268,0.0,26.881815,1.0,190.256969
1245,1848900567.0,3.0,3.0,134.0,1.0,25.723186,-1.0,4.0,64.771451,1.0,0.0,1.0,0.0,36.037451,4.0,26.076742,1.0,34.954142,0.0,105.590938
7185,1848900571.0,2.0,2.0,129.0,3.0,31.408277,-1.0,2.0,-1.0,1.0,0.0,1.0,0.0,42.250511,3.0,127.859054,-1.0,18.588083,1.0,171.287596
7186,1848900573.0,2.0,2.0,61.0,3.0,98.695514,-1.0,-1.0,19.196877,2.0,0.0,-1.0,0.0,109.359281,3.0,41.835205,0.0,75.721768,1.0,59.451662
1131,1848900579.0,3.0,2.0,51.0,5.0,108.739373,-1.0,3.0,-1.0,1.0,0.0,-1.0,0.0,119.531103,2.0,11.06223,0.0,33.62813,1.0,80.695521
1338,1848900584.0,4.0,2.0,46.0,-1.0,114.076054,-1.0,2.0,36.485086,1.0,0.0,1.0,0.0,124.71071,2.0,52.417391,0.0,70.348096,1.0,42.156249
1339,1848900586.0,4.0,2.0,9.0,-1.0,151.202886,-1.0,4.0,23.74901,1.0,0.0,1.0,0.0,161.472783,3.0,47.161114,0.0,27.246193,1.0,215.082456
1221,1848900590.0,2.0,-1.0,144.0,6.0,15.892086,-1.0,3.0,-1.0,0.0,1.0,-1.0,1.0,26.341165,3.0,5.072381,1.0,5.59968,1.0,52.831354
7187,1848900592.0,4.0,3.0,101.0,3.0,59.338096,-1.0,4.0,80.734675,2.0,-1.0,1.0,0.0,69.41031,1.0,-1.0,1.0,65.0014,1.0,102.031931
1232,1848900595.0,2.0,2.0,116.0,9.0,43.555159,-1.0,3.0,48.545039,1.0,0.0,1.0,0.0,54.541227,4.0,-1.0,-1.0,60.185593,-1.0,42.436678
1222,1848900599.0,3.0,2.0,39.0,6.0,120.672074,-1.0,3.0,75.319021,1.0,0.0,-1.0,0.0,131.538041,1.0,70.804854,0.0,11.76889,1.0,21.132768
7188,1848900601.0,4.0,4.0,143.0,3.0,16.742899,-1.0,4.0,47.717131,1.0,-1.0,1.0,0.0,27.291346,3.0,7.205537,-1.0,64.971071,-1.0,50.788481
7189,1848900606.0,3.0,2.0,112.0,3.0,47.571459,-1.0,2.0,138.4012,2.0,0.0,1.0,0.0,58.099637,4.0,56.233677,-1.0,23.674339,-1.0,165.700969
7190,1848900612.0,2.0,3.0,155.0,3.0,4.884927,-1.0,2.0,38.900912,1.0,0.0,1.0,0.0,15.379388,2.0,5.780267,0.0,21.087308,1.0,183.42609
1158,1848900616.0,3.0,3.0,131.0,0.0,29.074626,-1.0,4.0,3.561534,0.0,1.0,1.0,1.0,39.384298,2.0,-1.0,-1.0,12.868122,-1.0,-1.0
7191,1848900621.0,2.0,3.0,97.0,3.0,63.397029,-1.0,3.0,88.751412,1.0,0.0,1.0,0.0,73.431431,3.0,3.051258,0.0,18.565905,1.0,36.904897
1246,1848900624.0,3.0,4.0,115.0,1.0,45.040072,-1.0,2.0,30.958559,1.0,0.0,1.0,0.0,55.543606,4.0,53.777488,0.0,24.284809,1.0,121.718843
7192,1848900628.0,2.0,4.0,20.0,3.0,139.71748,-1.0,3.0,25.882761,0.0,1.0,-1.0,1.0,150.622862,3.0,-1.0,1.0,16.357136,1.0,56.195914
7193,1848900632.0,4.0,4.0,127.0,3.0,33.257345,-1.0,4.0,16.946597,1.0,0.0,1.0,0.0,43.528006,4.0,38.874161,1.0,4.581832,1.0,72.527232
7194,1848900637.0,4.0,3.0,102.0,3.0,58.154097,-1.0,4.0,48.451952,2.0,0.0,1.0,0.0,68.490403,2.0,61.446372,0.0,28.011415,1.0,137.986132
7195,1848900642.0,3.0,2.0,76.0,3.0,83.997912,-1.0,4.0,12.84242,2.0,0.0,-1.0,0.0,94.724583,-1.0,62.685998,-1.0,18.884876,0.0,167.630042
1132,1848900647.0,2.0,3.0,156.0,5.0,4.31925,-1.0,2.0,28.193362,2.0,0.0,1.0,0.0,15.130695,-1.0,71.452361,0.0,46.351614,1.0,8.894211
1150,1848900653.0,3.0,3.0,104.0,4.0,55.976169,-1.0,2.0,65.066441,1.0,-1.0,-1.0,0.0,66.730113,3.0,107.247596,0.0,5.714473,1.0,14.17449
7196,1848900659.0,3.0,3.0,153.0,3.0,7.414454,-1.0,3.0,131.679426,2.0,-1.0,0.0,0.0,18.251953,3.0,30.121205,-1.0,20.922221,0.0,113.643422
7197,1848900662.0,4.0,3.0,123.0,3.0,37.06053,-1.0,4.0,21.745805,0.0,1.0,1.0,1.0,47.566614,3.0,56.285586,1.0,45.503995,1.0,87.498243
1340,1848900667.0,4.0,2.0,156.0,-1.0,4.272729,-1.0,4.0,28.139707,1.0,0.0,1.0,0.0,14.620012,3.0,1.172857,0.0,58.919547,1.0,57.58203
1223,1848900671.0,3.0,3.0,134.0,6.0,26.17949,-1.0,4.0,90.047183,1.0,0.0,1.0,0.0,36.803607,3.0,110.08838,0.0,14.283302,1.0,163.021662
1133,1848900673.0,2.0,3.0,159.0,5.0,1.163058,-1.0,3.0,99.421889,1.0,0.0,1.0,0.0,11.188371,3.0,86.786636,1.0,6.744396,-1.0,16.615498
1218,1848900678.0,3.0,2.0,95.0,2.0,64.647574,-1.0,4.0,14.980611,1.0,0.0,1.0,0.0,75.010748,3.0,55.437945,0.0,22.145635,1.0,36.18287
1341,1848900683.0,3.0,2.0,133.0,-1.0,26.89699,-1.0,2.0,41.766165,1.0,0.0,1.0,0.0,36.90383,3.0,14.399489,0.0,36.948925,1.0,238.529506
1342,1848900688.0,3.0,4.0,33.0,-1.0,127.055163,-1.0,3.0,67.970668,1.0,0.0,1.0,0.0,137.848707,3.0,77.095585,1.0,15.20271,1.0,48.362415
1247,1848900690.0,3.0,4.0,144.0,1.0,16.195501,-1.0,3.0,12.205499,1.0,0.0,1.0,0.0,27.038965,4.0,9.35805,-1.0,24.173583,1.0,232.471006
7198,1848900695.0,3.0,3.0,135.0,3.0,24.65727,-1.0,3.0,61.067989,0.0,1.0,1.0,1.0,34.926383,3.0,64.520304,0.0,28.380371,1.0,108.166774
1233,1848900701.0,3.0,3.0,20.0,9.0,140.3707,-1.0,3.0,120.299574,2.0,0.0,1.0,0.0,150.867585,3.0,46.935429,0.0,51.333771,1.0,115.247989
1134,1848900707.0,2.0,4.0,150.0,5.0,9.719783,-1.0,-1.0,141.709426,1.0,0.0,1.0,0.0,20.255746,4.0,2.253717,0.0,7.539504,1.0,15.160872
7199,1848900709.0,2.0,4.0,160.0,3.0,0.310295,-1.0,2.0,22.381075,2.0,0.0,1.0,0.0,10.723235,3.0,-1.0,0.0,3.409477,1.0,177.281694
1224,1848900715.0,2.0,2.0,149.0,6.0,10.930667,-1.0,4.0,45.86516,1.0,0.0,1.0,0.0,21.207328,2.0,6.833592,0.0,85.654591,1.0,116.656766
7200,1848900721.0,2.0,2.0,99.0,3.0,61.068074,-1.0,4.0,0.479954,1.0,-1.0,1.0,0.0,72.06185,3.0,-1.0,0.0,17.29442,1.0,83.510369
7201,1848900724.0,3.0,3.0,25.0,3.0,134.532925,-1.0,2.0,24.868514,1.0,0.0,1.0,0.0,144.919035,-1.0,97.478482,0.0,19.346645,1.0,106.819113
1234,1848900726.0,3.0,4.0,146.0,7.0,13.534078,-1.0,2.0,4.858825,2.0,0.0,1.0,0.0,23.794345,2.0,49.552977,0.0,29.194045,1.0,131.508525
1219,1848900731.0,3.0,2.0,64.0,2.0,95.760015,-1.0,2.0,67.320878,0.0,1.0,1.0,1.0,106.380647,-1.0,8.069221,0.0,2.732874,1.0,198.653084
1235,1848900737.0,4.0,2.0,73.0,7.0,87.079713,-1.0,4.0,38.843024,1.0,0.0,-1.0,0.0,97.994819,3.0,-1.0,-1.0,41.926061,-1.0,11.729612
7202,1848900742.0,2.0,2.0,122.0,3.0,37.545223,-1.0,4.0,149.04634,1.0,0.0,1.0,0.0,47.972669,1.0,46.147523,-1.0,3.311432,1.0,124.660163
1197,1848900744.0,4.0,3.0,159.0,8.0,1.446552,-1.0,2.0,42.046133,0.0,1.0,1.0,1.0,11.69558,3.0,-1.0,0.0,8.140379,1.0,48.278588
7203,1848900748.0,4.0,2.0,125.0,3.0,35.227122,-1.0,3.0,82.902765,0.0,1.0,1.0,1.0,45.922955,3.0,11.288648,0.0,5.636234,1.0,156.236857
1236,1848900750.0,2.0,2.0,64.0,7.0,95.745638,-1.0,3.0,54.864966,1.0,0.0,1.0,0.0,106.673237,3.0,43.157669,0.0,27.471288,1.0,188.456868
1237,1848900754.0,-1.0,2.0,132.0,7.0,28.06544,-1.0,4.0,65.233138,1.0,0.0,1.0,0.0,38.619897,-1.0,37.393338,0.0,22.277402,1.0,3.630364
7204,1848900758.0,2.0,2.0,100.0,3.0,59.857999,-1.0,3.0,98.157012,1.0,-1.0,-1.0,0.0,70.772219,2.0,-1.0,1.0,40.451115,1.0,115.329975
1151,1848900764.0,3.0,3.0,152.0,4.0,8.230251,-1.0,3.0,76.314001,1.0,0.0,-1.0,0.0,19.203008,-1.0,61.376322,0.0,4.46523,1.0,166.606168
1238,1848900767.0,4.0,4.0,160.0,7.0,0.222963,-1.0,3.0,77.600584,1.0,0.0,1.0,0.0,10.504363,3.0,33.75742,0.0,38.545242,1.0,158.248852
7205,1848900773.0,3.0,4.0,159.0,3.0,0.873686,-1.0,2.0,-1.0,1.0,0.0,-1.0,0.0,11.397275,-1.0,11.093223,0.0,36.054184,1.0,61.8188
1159,1848900779.0,2.0,4.0,122.0,0.0,38.129446,-1.0,2.0,79.885765,2.0,0.0,0.0,0.0,48.794302,1.0,76.559123,0.0,27.150372,0.0,146.433473
1343,1848900784.0,4.0,2.0,141.0,-1.0,18.972934,-1.0,2.0,26.906788,1.0,-1.0,-1.0,0.0,29.800298,3.0,-1.0,0.0,14.202554,1.0,2.693943
1248,1848900790.0,2.0,4.0,60.0,1.0,100.369838,-1.0,3.0,-1.0,1.0,0.0,1.0,0.0,111.19641,-1.0,14.648895,0.0,11.853818,1.0,161.919297
1152,1848900792.0,2.0,4.0,135.0,4.0,25.234075,-1.0,4.0,11.360822,1.0,0.0,1.0,0.0,35.33419,3.0,6.611526,0.0,12.556936,1.0,46.129721
1239,1848900796.0,4.0,3.0,74.0,7.0,-1.0,-1.0,2.0,103.947334,1.0,0.0,1.0,0.0,-1.0,1.0,7.603526,0.0,8.090678,1.0,28.775548
1225,1848900801.0,2.0,2.0,138.0,6.0,22.203547,-1.0,4.0,18.79344,1.0,0.0,-1.0,0.0,32.406209,-1.0,16.909086,1.0,50.443245,1.0,142.260236
7206,1848900805.0,2.0,3.0,135.0,3.0,24.695328,-1.0,2.0,104.236793,1.0,0.0,1.0,0.0,35.556723,4.0,29.376051,1.0,4.229259,1.0,194.879499
1198,1848900808.0,3.0,2.0,148.0,8.0,12.127058,-1.0,2.0,22.649163,1.0,-1.0,1.0,0.0,22.77406,-1.0,0.331588,0.0,52.532089,1.0,26.600019
1220,1848900811.0,2.0,3.0,157.0,2.0,2.563459,-1.0,2.0,7.122317,1.0,0.0,1.0,0.0,13.079851,2.0,53.449053,-1.0,76.422643,1.0,-1.0
7207,1848900815.0,2.0,4.0,126.0,3.0,33.609347,-1.0,-1.0,22.22341,2.0,0.0,1.0,0.0,44.60742,3.0,117.392615,0.0,15.003193,1.0,61.614349
1240,1848900819.0,4.0,2.0,142.0,7.0,17.52713,-1.0,4.0,44.826931,1.0,0.0,1.0,0.0,27.867679,3.0,24.707709,0.0,70.16365,1.0,29.390694
7208,1848900825.0,3.0,3.0,126.0,3.0,34.067224,-1.0,-1.0,54.998407,2.0,0.0,-1.0,0.0,45.041005,-1.0,10.315246,0.0,82.116256,1.0,76.233389
1234,1848900828.0,2.0,2.0,74.0,9.0,-1.0,-1.0,4.0,116.307533,1.0,0.0,1.0,0.0,-1.0,3.0,47.500976,0.0,12.081093,1.0,42.756762
7209,1848900832.0,4.0,2.0,119.0,3.0,41.195868,-1.0,4.0,99.718811,1.0,0.0,1.0,0.0,52.024666,1.0,51.567447,1.0,34.310688,1.0,189.350952
1199,1848900835.0,4.0,2.0,142.0,8.0,18.108503,-1.0,2.0,28.831376,1.0,-1.0,1.0,0.0,28.623936,1.0,37.724429,0.0,32.083787,1.0,13.905579
7210,1848900841.0,4.0,2.0,121.0,3.0,38.693641,-1.0,2.0,48.911174,1.0,0.0,1.0,0.0,49.109432,3.0,-1.0,0.0,24.931397,1.0,0.538949
1344,1848900847.0,3.0,3.0,148.0,-1.0,12.30394,-1.0,4.0,-1.0,1.0,0.0,1.0,0.0,22.406323,3.0,-1.0,-1.0,21.046464,1.0,23.021655
1221,1848900850.0,-1.0,2.0,96.0,2.0,64.49387,-1.0,-1.0,138.414869,1.0,0.0,-1.0,0.0,74.513971,1.0,19.402122,0.0,17.540809,0.0,91.551486
7211,1848900853.0,4.0,4.0,159.0,3.0,0.762072,-1.0,4.0,114.758178,1.0,-1.0,-1.0,0.0,10.87417,1.0,100.145919,1.0,19.78509,0.0,71.329694
7212,1848900855.0,2.0,2.0,73.0,3.0,87.331278,-1.0,3.0,2.986493,2.0,-1.0,1.0,0.0,97.7517,3.0,1.626478,-1.0,69.018033,1.0,96.898965
1241,1848900861.0,4.0,2.0,130.0,7.0,29.792654,-1.0,2.0,6.374873,1.0,0.0,1.0,0.0,40.756795,2.0,31.647834,0.0,14.677424,1.0,101.575396
1226,1848900867.0,3.0,2.0,157.0,6.0,3.307763,-1.0,3.0,31.305279,1.0,-1.0,-1.0,0.0,14.019043,4.0,40.032458,0.0,36.037593,1.0,118.308384
1200,1848900873.0,3.0,2.0,135.0,8.0,25.274168,-1.0,4.0,-1.0,0.0,1.0,1.0,1.0,36.273099,3.0,102.556738,0.0,34.259327,1.0,27.735156
1345,1848900877.0,2.0,3.0,108.0,-1.0,52.177993,-1.0,4.0,67.779513,1.0,0.0,-1.0,0.0,62.6331,3.0,94.951161,0.0,40.158504,1.0,45.097644
1160,1848900879.0,4.0,4.0,71.0,0.0,88.659149,-1.0,2.0,34.673211,1.0,0.0,0.0,0.0,99.023174,-1.0,45.96281,0.0,49.390915,0.0,65.869976
1201,1848900883.0,2.0,2.0,107.0,8.0,53.120627,-1.0,2.0,26.988555,1.0,0.0,0.0,0.0,63.859894,3.0,118.837441,0.0,71.110409,0.0,3.320165
1242,1848900887.0,4.0,3.0,109.0,7.0,51.110647,-1.0,2.0,52.740759,2.0,-1.0,1.0,0.0,61.724321,3.0,-1.0,0.0,4.292849,1.0,193.707374
1346,1848900891.0,4.0,4.0,8.0,-1.0,152.104167,-1.0,2.0,6.175485,1.0,0.0,1.0,0.0,162.963903,2.0,42.105771,1.0,18.102643,1.0,37.057787
7213,1848900894.0,3.0,3.0,104.0,3.0,56.006123,-1.0,4.0,20.826887,2.0,0.0,1.0,0.0,66.243816,3.0,1.174939,0.0,84.870993,1.0,230.396695
1153,1848900896.0,2.0,3.0,102.0,4.0,58.352383,-1.0,4.0,54.06076,0.0,1.0,1.0,1.0,69.129932,3.0,34.426427,0.0,16.846859,1.0,6.911036
1154,1848900899.0,4.0,4.0,135.0,4.0,24.523196,-1.0,4.0,-1.0,1.0,0.0,1.0,0.0,35.129257,1.0,43.258704,1.0,27.637719,1.0,103.065507
7214,1848900903.0,3.0,4.0,112.0,3.0,47.859061,-1.0,4.0,16.529141,1.0,0.0,1.0,0.0,58.351561,2.0,12.340308,1.0,8.377264,1.0,133.382334
1235,1848900908.0,-1.0,3.0,122.0,9.0,37.995048,-1.0,3.0,62.667974,0.0,1.0,1.0,1.0,48.409902,3.0,91.641396,1.0,60.982061,1.0,26.252658
7215,1848900912.0,2.0,3.0,62.0,3.0,98.359376,-1.0,2.0,32.418496,1.0,0.0,1.0,0.0,108.656156,3.0,6.526054,0.0,0.334132,1.0,21.000335
7216,1848900916.0,3.0,4.0,138.0,3.0,21.873113,-1.0,4.0,0.502782,1.0,0.0,1.0,0.0,32.808537,3.0,62.03281,1.0,7.865752,1.0,55.58833
1155,1848900921.0,3.0,3.0,110.0,4.0,49.619702,-1.0,2.0,118.270974,2.0,0.0,1.0,0.0,60.031318,2.0,9.708145,0.0,9.422699,1.0,81.108854
1202,1848900923.0,2.0,3.0,77.0,8.0,82.949573,-1.0,4.0,57.150995,2.0,0.0,1.0,0.0,93.379243,3.0,32.320985,0.0,32.21558,1.0,182.339869
1249,1848900925.0,2.0,4.0,42.0,1.0,118.328129,-1.0,3.0,7.375042,1.0,-1.0,-1.0,0.0,128.935662,-1.0,11.522716,-1.0,7.606128,1.0,75.717302
7217,1848900929.0,4.0,4.0,102.0,3.0,57.842911,-1.0,3.0,-1.0,1.0,0.0,1.0,0.0,68.84241,4.0,53.80911,0.0,16.115481,1.0,17.551189
1250,1848900931.0,2.0,4.0,74.0,1.0,-1.0,-1.0,3.0,11.333225,1.0,0.0,1.0,0.0,-1.0,1.0,-1.0,0.0,46.256648,1.0,140.091653
1222,1848900937.0,3.0,4.0,64.0,2.0,95.604879,-1.0,4.0,97.799474,1.0,0.0,1.0,0.0,106.570053,3.0,-1.0,0.0,66.117458,1.0,17.220039
1236,1848900940.0,-1.0,2.0,151.0,9.0,9.459843,-1.0,3.0,50.00521,0.0,1.0,1.0,1.0,20.323485,1.0,86.707885,0.0,21.521815,1.0,81.884675
1347,1848900945.0,4.0,2.0,147.0,-1.0,13.161947,-1.0,3.0,10.302634,1.0,0.0,1.0,0.0,23.97694,2.0,51.039301,0.0,3.843872,1.0,19.07937
1237,1848900951.0,3.0,2.0,60.0,9.0,99.843987,-1.0,4.0,106.047064,1.0,0.0,-1.0,0.0,110.212906,1.0,75.888715,0.0,4.690601,1.0,108.021932
1251,1848900953.0,3.0,2.0,48.0,1.0,112.433366,-1.0,3.0,2.63277,1.0,0.0,1.0,0.0,122.796842,3.0,2.116762,0.0,14.699463,1.0,177.544903
7218,1848900956.0,3.0,3.0,103.0,3.0,57.107605,-1.0,3.0,7.34761,1.0,0.0,1.0,0.0,67.882171,3.0,101.189269,0.0,51.991784,1.0,22.189526
1156,1848900962.0,3.0,3.0,149.0,4.0,11.313529,-1.0,-1.0,136.816104,1.0,0.0,1.0,0.0,21.929822,3.0,48.522252,1.0,13.586526,1.0,167.51942
1238,1848900967.0,4.0,2.0,138.0,9.0,21.739358,-1.0,2.0,3.626567,1.0,0.0,1.0,0.0,31.841016,3.0,-1.0,0.0,18.510872,1.0,81.744183
1135,1848900969.0,3.0,4.0,154.0,5.0,6.454879,-1.0,-1.0,62.329585,2.0,0.0,1.0,0.0,16.931188,3.0,125.072475,1.0,42.287872,1.0,83.859006
1243,1848900972.0,3.0,3.0,135.0,7.0,24.8696,-1.0,2.0,8.495281,1.0,0.0,-1.0,0.0,35.078799,1.0,44.184226,0.0,34.779418,1.0,97.408945
7219,1848900976.0,2.0,3.0,108.0,3.0,51.733787,-1.0,3.0,118.921346,2.0,-1.0,1.0,0.0,62.064529,1.0,19.144334,0.0,1.784649,1.0,84.790871
7220,1848900980.0,2.0,2.0,89.0,3.0,71.32619,-1.0,-1.0,104.991487,1.0,0.0,-1.0,0.0,82.296397,4.0,45.677961,0.0,0.272804,1.0,14.972432
1203,1848900985.0,2.0,3.0,148.0,8.0,11.832541,-1.0,2.0,67.705167,2.0,0.0,1.0,0.0,21.977888,3.0,49.291545,0.0,25.09019,1.0,187.305729
7221,1848900987.0,4.0,2.0,94.0,3.0,66.283315,-1.0,2.0,61.559229,1.0,-1.0,1.0,0.0,77.116017,3.0,-1.0,0.0,21.62873,1.0,124.579637
1136,1848900989.0,2.0,3.0,127.0,5.0,32.551587,-1.0,2.0,7.174565,2.0,0.0,1.0,0.0,43.094075,4.0,39.289675,0.0,91.305753,1.0,196.715544
1252,1848900993.0,3.0,3.0,142.0,1.0,18.109855,-1.0,3.0,127.725688,2.0,0.0,-1.0,0.0,29.077501,3.0,131.333997,-1.0,55.448581,-1.0,254.214256
1348,1848900997.0,4.0,4.0,106.0,-1.0,54.344844,-1.0,4.0,70.681593,1.0,0.0,1.0,0.0,65.098616,3.0,98.449783,0.0,35.652006,1.0,189.20569
1349,1848900999.0,4.0,3.0,139.0,-1.0,20.825197,-1.0,4.0,28.197674,1.0,0.0,1.0,0.0,31.43006,-1.0,76.15855,0.0,17.771461,1.0,128.706286
7222,1848901001.0,3.0,3.0,60.0,3.0,100.125696,-1.0,2.0,-1.0,1.0,0.0,1.0,0.0,110.45015,4.0,119.914285,1.0,12.997076,1.0,58.596642
1350,1848901006.0,4.0,4.0,130.0,-1.0,30.479275,-1.0,4.0,67.747813,1.0,0.0,1.0,0.0,41.086674,4.0,-1.0,0.0,36.41198,1.0,64.632299
1253,1848901008.0,3.0,2.0,73.0,1.0,86.6186,-1.0,4.0,51.128064,1.0,-1.0,1.0,0.0,96.72321,4.0,135.782438,1.0,22.098635,1.0,87.875569
1223,1848901012.0,2.0,2.0,138.0,2.0,21.774432,-1.0,4.0,140.542047,1.0,0.0,1.0,0.0,32.528906,1.0,74.281043,1.0,11.47756,-1.0,137.386971
7223,1848901017.0,4.0,2.0,76.0,3.0,84.272699,-1.0,2.0,70.928063,2.0,0.0,0.0,0.0,94.976028,3.0,27.810427,0.0,26.377842,0.0,51.780257
1204,1848901020.0,2.0,4.0,37.0,8.0,123.017187,-1.0,4.0,12.053659,0.0,1.0,1.0,1.0,133.436765,2.0,-1.0,0.0,1.953919,1.0,104.003107
1161,1848901023.0,4.0,3.0,141.0,0.0,18.718954,-1.0,4.0,53.87936,1.0,0.0,0.0,0.0,28.981367,1.0,-1.0,0.0,18.868716,0.0,82.113532
1224,1848901026.0,2.0,2.0,131.0,2.0,28.86773,-1.0,2.0,7.087546,1.0,0.0,1.0,0.0,39.747412,1.0,29.32945,0.0,25.307617,1.0,172.272205
1157,1848901032.0,2.0,2.0,74.0,4.0,-1.0,-1.0,4.0,29.426806,1.0,-1.0,1.0,0.0,-1.0,3.0,92.609836,0.0,6.032086,-1.0,16.455258
1351,1848901036.0,3.0,-1.0,147.0,-1.0,12.833491,-1.0,4.0,88.802127,1.0,0.0,1.0,0.0,23.504909,-1.0,14.748831,0.0,50.099488,1.0,-1.0
1225,1848901041.0,2.0,4.0,106.0,2.0,53.505487,-1.0,2.0,-1.0,2.0,-1.0,1.0,0.0,64.365009,3.0,75.943684,0.0,56.008143,1.0,109.097385
1205,1848901047.0,4.0,4.0,151.0,8.0,9.101449,-1.0,3.0,66.076274,0.0,1.0,1.0,1.0,19.658283,3.0,5.003968,0.0,35.560251,1.0,150.947773
1206,1848901050.0,4.0,4.0,74.0,8.0,-1.0,-1.0,-1.0,20.132371,1.0,0.0,1.0,0.0,-1.0,2.0,22.589034,0.0,67.577658,-1.0,18.203244
1162,1848901056.0,4.0,4.0,155.0,0.0,4.755886,-1.0,-1.0,97.849307,1.0,0.0,1.0,0.0,15.234903,3.0,54.338497,1.0,19.931822,1.0,152.250819
7224,1848901058.0,3.0,2.0,106.0,3.0,54.483332,-1.0,4.0,0.371302,1.0,-1.0,1.0,0.0,64.793948,4.0,49.54354,1.0,13.733579,1.0,35.276372
1352,1848901062.0,4.0,2.0,110.0,-1.0,50.126346,-1.0,3.0,8.16221,1.0,0.0,1.0,0.0,60.717474,3.0,-1.0,0.0,15.621112,1.0,90.381393
1163,1848901068.0,2.0,-1.0,126.0,0.0,33.581351,-1.0,4.0,95.18598,1.0,-1.0,1.0,0.0,44.180004,3.0,81.735015,0.0,8.331815,1.0,118.517615
7225,1848901074.0,2.0,-1.0,157.0,3.0,3.158447,-1.0,3.0,-1.0,1.0,0.0,1.0,0.0,14.147744,3.0,13.165153,0.0,59.359181,1.0,21.395931
1239,1848901076.0,2.0,2.0,157.0,9.0,3.104805,-1.0,-1.0,-1.0,1.0,0.0,1.0,0.0,13.671805,4.0,51.347307,-1.0,35.019373,1.0,152.530124
1353,1848901082.0,4.0,3.0,112.0,-1.0,47.803214,-1.0,4.0,6.038192,2.0,0.0,1.0,0.0,58.352442,-1.0,-1.0,1.0,24.388623,1.0,-1.0
7226,1848901084.0,4.0,4.0,152.0,3.0,7.771711,-1.0,3.0,37.95604,2.0,0.0,1.0,0.0,18.401447,3.0,58.194016,0.0,16.825659,-1.0,4.192437
7227,1848901087.0,-1.0,2.0,143.0,3.0,17.058448,-1.0,4.0,45.278846,1.0,0.0,-1.0,0.0,27.382537,1.0,-1.0,0.0,2.412945,1.0,199.794269
1354,1848901089.0,4.0,3.0,139.0,-1.0,20.929168,-1.0,3.0,3.382249,1.0,0.0,-1.0,0.0,31.542167,2.0,104.806173,-1.0,2.27235,1.0,174.287895
1226,1848901095.0,4.0,3.0,114.0,2.0,46.479497,-1.0,4.0,39.401505,1.0,0.0,1.0,0.0,57.424918,3.0,-1.0,0.0,14.4733,1.0,163.639998
7228,1848901099.0,3.0,4.0,149.0,3.0,10.978733,-1.0,2.0,122.919094,1.0,0.0,1.0,0.0,21.785453,3.0,40.62065,0.0,18.47809,1.0,-1.0
7229,1848901105.0,3.0,3.0,84.0,3.0,76.32548,-1.0,3.0,48.926842,1.0,0.0,-1.0,0.0,86.430491,1.0,-1.0,1.0,6.175784,1.0,17.718511
1240,1848901107.0,4.0,4.0,125.0,9.0,35.14174,-1.0,3.0,6.974191,1.0,0.0,1.0,0.0,46.111881,3.0,28.659552,0.0,74.909516,1.0,46.301006
1164,1848901109.0,4.0,3.0,93.0,0.0,67.431457,-1.0,2.0,28.740996,1.0,0.0,1.0,0.0,77.452774,1.0,65.871603,0.0,0.787676,1.0,60.874289
1355,1848901111.0,3.0,2.0,149.0,-1.0,11.214337,-1.0,3.0,9.669268,1.0,0.0,1.0,0.0,21.99842,4.0,61.386226,0.0,18.420295,1.0,33.317029
7230,1848901114.0,2.0,2.0,158.0,3.0,1.920556,-1.0,3.0,95.353581,1.0,0.0,-1.0,0.0,12.122518,1.0,73.021761,0.0,60.773485,0.0,71.444519
1244,1848901116.0,3.0,2.0,130.0,7.0,30.006823,-1.0,-1.0,33.535524,1.0,0.0,1.0,0.0,40.108934,3.0,-1.0,-1.0,28.891293,1.0,116.870089
7231,1848901119.0,4.0,4.0,122.0,3.0,37.936547,-1.0,4.0,82.381175,1.0,0.0,1.0,0.0,48.637454,1.0,22.520666,1.0,72.567816,1.0,194.144938
1245,1848901124.0,2.0,3.0,136.0,7.0,23.643423,-1.0,2.0,33.886659,1.0,0.0,1.0,0.0,34.436209,4.0,-1.0,0.0,71.281946,1.0,228.529692
1227,1848901127.0,3.0,4.0,68.0,6.0,92.063781,-1.0,3.0,12.781641,1.0,0.0,1.0,0.0,103.04926,1.0,18.420373,1.0,34.157799,1.0,88.552795
1137,1848901130.0,2.0,2.0,152.0,5.0,7.754993,-1.0,2.0,56.602016,0.0,1.0,1.0,1.0,18.729509,1.0,24.859993,0.0,2.856203,1.0,171.440735
7232,1848901136.0,3.0,2.0,88.0,3.0,72.195868,-1.0,2.0,93.597026,0.0,1.0,1.0,1.0,82.918422,3.0,22.550278,-1.0,31.763639,1.0,77.956164
1207,1848901140.0,2.0,3.0,137.0,8.0,23.354067,-1.0,2.0,4.966779,2.0,0.0,1.0,0.0,34.234416,3.0,49.129391,-1.0,37.726903,1.0,40.207168
1254,1848901146.0,4.0,3.0,121.0,1.0,38.912366,-1.0,4.0,51.973632,1.0,0.0,1.0,0.0,49.275442,4.0,8.671452,0.0,15.451748,1.0,69.855857
7233,1848901149.0,4.0,3.0,100.0,3.0,59.879807,-1.0,3.0,81.59029,1.0,0.0,1.0,0.0,70.281724,4.0,25.533276,0.0,98.942811,1.0,39.362697
1228,1848901151.0,2.0,2.0,106.0,6.0,53.854132,-1.0,2.0,88.831791,1.0,-1.0,1.0,0.0,64.570192,1.0,88.056976,0.0,21.006267,1.0,172.434216
7234,1848901153.0,3.0,2.0,129.0,3.0,30.819135,-1.0,4.0,-1.0,1.0,0.0,1.0,0.0,41.665946,3.0,39.641836,-1.0,1.720999,1.0,53.224473
7235,1848901159.0,4.0,2.0,142.0,3.0,18.402774,-1.0,4.0,125.623297,1.0,-1.0,1.0,0.0,28.918863,2.0,18.585605,1.0,0.904981,1.0,127.870996
1255,1848901165.0,2.0,4.0,108.0,1.0,52.229832,-1.0,-1.0,16.70287,2.0,-1.0,1.0,0.0,62.730341,2.0,7.537252,0.0,56.568524,1.0,173.060112
1165,1848901167.0,2.0,-1.0,158.0,0.0,2.392018,-1.0,4.0,66.925038,2.0,-1.0,0.0,0.0,13.333107,3.0,63.280481,1.0,55.933116,0.0,210.924415
7236,1848901170.0,3.0,4.0,78.0,3.0,81.845202,-1.0,4.0,26.750153,2.0,0.0,0.0,0.0,92.544083,1.0,48.339574,-1.0,28.215259,0.0,157.492244
1138,1848901174.0,-1.0,3.0,145.0,5.0,15.163001,-1.0,2.0,4.674592,1.0,0.0,1.0,0.0,25.235519,3.0,92.974694,1.0,74.036343,1.0,50.365103
1256,1848901176.0,4.0,4.0,128.0,1.0,31.589393,-1.0,3.0,3.425659,1.0,0.0,0.0,0.0,42.542735,3.0,69.092381,0.0,18.435866,0.0,105.396616
7237,1848901180.0,3.0,4.0,133.0,3.0,27.249086,-1.0,3.0,57.901215,0.0,1.0,1.0,1.0,37.438446,3.0,43.275172,1.0,16.986848,1.0,-1.0
1356,1848901186.0,3.0,2.0,134.0,-1.0,25.821079,-1.0,4.0,46.529464,1.0,0.0,1.0,0.0,36.181977,1.0,82.577997,1.0,63.569763,1.0,52.385026
1241,1848901190.0,3.0,4.0,153.0,9.0,6.850126,-1.0,2.0,52.37191,2.0,-1.0,1.0,0.0,17.682467,3.0,16.577278,0.0,14.802795,1.0,187.632765
7238,1848901193.0,2.0,2.0,136.0,3.0,24.031319,-1.0,4.0,6.333015,1.0,0.0,-1.0,0.0,34.877819,3.0,68.004129,0.0,9.776937,1.0,51.861205
1257,1848901199.0,3.0,2.0,74.0,1.0,-1.0,-1.0,4.0,98.191926,1.0,0.0,1.0,0.0,-1.0,4.0,44.571373,0.0,11.490642,1.0,18.927059
7239,1848901201.0,4.0,3.0,138.0,3.0,21.911368,-1.0,3.0,47.996924,1.0,0.0,1.0,0.0,31.987821,2.0,53.653479,0.0,30.021387,1.0,151.095735
7240,1848901203.0,3.0,2.0,155.0,3.0,4.724908,-1.0,3.0,73.171121,1.0,-1.0,-1.0,0.0,15.229107,3.0,34.907651,1.0,6.266456,1.0,51.830293
1229,1848901205.0,-1.0,4.0,116.0,6.0,44.075712,-1.0,3.0,80.420138,2.0,0.0,1.0,0.0,54.717062,3.0,100.910171,0.0,24.078307,1.0,68.542378
1246,1848901209.0,2.0,4.0,111.0,7.0,48.519591,-1.0,2.0,76.433977,0.0,1.0,-1.0,1.0,58.568732,3.0,38.438377,0.0,46.665953,1.0,42.376314
1139,1848901215.0,2.0,3.0,91.0,5.0,69.462251,-1.0,3.0,23.700346,2.0,0.0,1.0,0.0,80.191166,3.0,-1.0,0.0,15.803976,1.0,85.759523
1166,1848901221.0,2.0,3.0,137.0,0.0,23.497098,-1.0,3.0,45.074419,1.0,0.0,1.0,0.0,34.068228,1.0,42.257728,0.0,52.44731,1.0,88.116987
1158,1848901226.0,2.0,2.0,14.0,4.0,145.989899,-1.0,2.0,26.648522,1.0,0.0,1.0,0.0,156.405199,3.0,42.136446,0.0,9.784238,1.0,93.651578
1140,1848901230.0,2.0,3.0,144.0,5.0,15.795181,-1.0,2.0,11.450194,1.0,0.0,1.0,0.0,26.612819,1.0,36.852961,1.0,10.385671,1.0,20.251884
1208,1848901232.0,4.0,2.0,142.0,8.0,17.714304,-1.0,2.0,27.520543,1.0,-1.0,1.0,0.0,28.176582,3.0,10.370842,-1.0,29.194409,1.0,69.06194
1258,1848901238.0,3.0,2.0,131.0,1.0,29.028108,-1.0,3.0,8.680822,1.0,0.0,-1.0,0.0,39.771811,3.0,-1.0,1.0,24.395836,-1.0,113.726236
1247,1848901240.0,4.0,4.0,76.0,7.0,83.591238,-1.0,2.0,45.788067,1.0,0.0,0.0,0.0,93.99275,2.0,-1.0,1.0,41.874584,0.0,14.567236
1227,1848901246.0,2.0,2.0,54.0,2.0,105.701947,-1.0,2.0,36.549232,2.0,-1.0,1.0,0.0,116.284352,1.0,28.266309,0.0,48.347413,1.0,5.161449
1228,1848901248.0,2.0,4.0,119.0,2.0,41.26761,-1.0,2.0,33.947627,1.0,0.0,1.0,0.0,51.807786,3.0,27.072007,1.0,48.094285,1.0,264.563859
1230,1848901252.0,2.0,-1.0,90.0,6.0,70.324668,-1.0,2.0,32.024606,1.0,0.0,1.0,0.0,81.140456,-1.0,36.490148,0.0,1.456619,1.0,50.825752
7241,1848901254.0,4.0,4.0,90.0,3.0,69.630609,-1.0,4.0,66.010794,1.0,0.0,-1.0,0.0,79.654079,3.0,-1.0,0.0,39.345799,1.0,166.006804
1167,1848901256.0,3.0,3.0,62.0,0.0,98.082732,-1.0,-1.0,11.323823,2.0,0.0,1.0,0.0,108.649845,3.0,-1.0,0.0,78.163293,1.0,250.806166
1229,1848901260.0,2.0,4.0,72.0,2.0,87.82499,-1.0,-1.0,7.226029,1.0,0.0,-1.0,0.0,97.84367,3.0,42.278905,0.0,42.255452,1.0,131.561753
7242,1848901263.0,2.0,4.0,102.0,3.0,58.297643,-1.0,3.0,0.760048,1.0,0.0,1.0,0.0,68.969422,2.0,38.614863,0.0,23.17056,1.0,143.266046
1357,1848901265.0,4.0,-1.0,122.0,-1.0,37.621904,-1.0,2.0,77.556984,1.0,-1.0,1.0,0.0,47.95451,4.0,52.169783,0.0,12.836002,1.0,80.159783
1168,1848901271.0,2.0,4.0,133.0,0.0,27.491357,-1.0,3.0,47.927843,2.0,0.0,0.0,0.0,38.439796,4.0,25.25452,0.0,10.741631,0.0,192.49136
7243,1848901274.0,3.0,4.0,141.0,3.0,18.687681,-1.0,3.0,-1.0,1.0,0.0,-1.0,0.0,29.09842,4.0,32.040437,0.0,47.96394,1.0,11.025213
7244,1848901277.0,4.0,-1.0,159.0,3.0,0.845527,-1.0,3.0,28.762709,2.0,0.0,1.0,0.0,11.503589,1.0,126.784448,0.0,26.561245,1.0,3.046958
1159,1848901282.0,2.0,3.0,132.0,4.0,27.595881,-1.0,-1.0,7.017831,2.0,0.0,1.0,0.0,37.802169,2.0,76.565314,-1.0,32.083131,1.0,189.515549
1259,1848901286.0,4.0,3.0,74.0,1.0,-1.0,-1.0,2.0,58.02964,1.0,0.0,-1.0,0.0,-1.0,3.0,3.142744,0.0,38.695988,1.0,220.786348
1169,1848901291.0,2.0,4.0,135.0,0.0,25.096278,-1.0,2.0,16.435702,0.0,1.0,0.0,1.0,35.183519,4.0,65.371895,0.0,18.376167,0.0,32.770747
7245,1848901294.0,2.0,2.0,157.0,3.0,2.540732,-1.0,2.0,136.60949,2.0,0.0,1.0,0.0,13.432402,2.0,38.068836,0.0,31.616635,1.0,38.286775
1260,1848901296.0,3.0,4.0,147.0,1.0,13.483641,-1.0,2.0,50.704198,1.0,-1.0,1.0,0.0,23.989191,3.0,5.87828,0.0,26.142707,1.0,26.499965
1358,1848901299.0,-1.0,4.0,93.0,-1.0,67.176775,-1.0,4.0,1.981104,1.0,-1.0,1.0,0.0,77.948487,4.0,29.605332,0.0,4.514742,1.0,74.404363
7246,1848901303.0,2.0,4.0,73.0,3.0,87.24763,-1.0,4.0,43.676085,1.0,0.0,1.0,0.0,97.728335,2.0,-1.0,0.0,5.359098,1.0,67.251981
7247,1848901305.0,4.0,-1.0,121.0,3.0,39.458972,-1.0,3.0,29.191462,1.0,-1.0,-1.0,0.0,49.672946,-1.0,2.706218,0.0,29.90367,1.0,95.880027
1261,1848901309.0,3.0,-1.0,154.0,1.0,6.030777,-1.0,2.0,85.133953,1.0,0.0,1.0,0.0,16.14029,3.0,31.964461,-1.0,8.958372,1.0,250.068784
1160,1848901315.0,3.0,4.0,121.0,4.0,39.061309,-1.0,3.0,18.207696,1.0,0.0,-1.0,0.0,49.23105,3.0,15.316559,-1.0,4.855069,-1.0,37.385501
7248,1848901320.0,4.0,3.0,129.0,3.0,31.021445,-1.0,-1.0,70.305119,1.0,0.0,0.0,0.0,41.824247,1.0,36.555343,0.0,28.394986,0.0,140.917138
7249,1848901326.0,3.0,2.0,140.0,3.0,20.219943,-1.0,3.0,50.295541,2.0,0.0,-1.0,0.0,30.697399,2.0,-1.0,1.0,24.373442,1.0,34.669376
1170,1848901331.0,-1.0,-1.0,155.0,0.0,4.576641,-1.0,2.0,54.729719,1.0,0.0,-1.0,0.0,15.203739,3.0,13.084849,-1.0,18.538566,1.0,88.110171
7250,1848901337.0,4.0,4.0,95.0,3.0,65.106072,-1.0,3.0,14.433581,1.0,0.0,1.0,0.0,75.499496,-1.0,89.381912,1.0,64.317509,-1.0,154.880738
1209,1848901342.0,3.0,2.0,126.0,8.0,33.514824,-1.0,3.0,8.021028,1.0,0.0,1.0,0.0,44.286665,3.0,113.230885,0.0,70.31913,1.0,-1.0
7251,1848901346.0,-1.0,2.0,158.0,3.0,2.45755,-1.0,2.0,13.557402,2.0,0.0,1.0,0.0,13.432594,1.0,28.732993,0.0,17.809258,1.0,3.311618
1171,1848901350.0,3.0,4.0,146.0,0.0,13.896196,-1.0,4.0,44.506491,1.0,0.0,-1.0,0.0,24.777361,2.0,77.163374,0.0,68.465055,1.0,11.882111
1262,1848901356.0,4.0,3.0,149.0,1.0,10.521917,-1.0,2.0,25.807039,1.0,0.0,1.0,0.0,21.284518,-1.0,36.270729,0.0,42.763078,1.0,126.369
1230,1848901358.0,3.0,4.0,56.0,2.0,103.896244,-1.0,-1.0,114.205122,2.0,-1.0,1.0,0.0,114.782332,3.0,36.505512,0.0,53.149386,1.0,129.674651
1248,1848901361.0,2.0,2.0,121.0,7.0,38.702025,-1.0,3.0,41.227505,1.0,0.0,1.0,0.0,48.774958,3.0,-1.0,0.0,41.776003,1.0,88.367525
1161,1848901363.0,4.0,2.0,130.0,4.0,29.542806,-1.0,4.0,66.607692,1.0,-1.0,1.0,0.0,40.300118,3.0,35.568538,0.0,37.001168,1.0,126.392925
1263,1848901367.0,4.0,3.0,159.0,1.0,1.495247,-1.0,2.0,15.448764,1.0,0.0,1.0,0.0,11.929017,3.0,20.631346,0.0,31.16168,-1.0,10.938334
1172,1848901370.0,4.0,3.0,48.0,0.0,111.502489,-1.0,2.0,-1.0,1.0,0.0,1.0,0.0,122.347381,3.0,64.163571,1.0,13.715301,1.0,68.219406
7252,1848901375.0,2.0,3.0,75.0,3.0,84.774167,-1.0,2.0,7.331854,2.0,0.0,1.0,0.0,94.81717,4.0,50.316395,0.0,8.005923,1.0,27.702599
1249,1848901380.0,3.0,3.0,131.0,7.0,28.602703,-1.0,2.0,98.321219,0.0,1.0,-1.0,1.0,39.314713,-1.0,17.656396,0.0,48.438206,1.0,10.035917
1141,1848901384.0,4.0,3.0,142.0,5.0,18.127083,-1.0,4.0,91.049934,1.0,0.0,1.0,0.0,28.551972,-1.0,132.984801,0.0,32.365541,-1.0,58.314643
1210,1848901387.0,3.0,3.0,112.0,8.0,47.898295,-1.0,4.0,20.328515,1.0,0.0,1.0,0.0,58.350024,4.0,-1.0,-1.0,49.742623,1.0,102.782031
1250,1848901389.0,4.0,2.0,97.0,7.0,62.654871,-1.0,2.0,3.941682,1.0,0.0,-1.0,0.0,73.644458,-1.0,12.934493,0.0,61.071129,1.0,95.991755
1359,1848901392.0,3.0,3.0,150.0,-1.0,9.808982,-1.0,4.0,17.182032,0.0,1.0,1.0,1.0,20.27431,3.0,-1.0,0.0,68.388385,1.0,-1.0
1251,1848901396.0,2.0,3.0,159.0,7.0,1.167031,-1.0,3.0,-1.0,2.0,0.0,1.0,0.0,11.573766,4.0,34.153501,-1.0,6.360374,1.0,26.965466
7253,1848901400.0,2.0,4.0,112.0,3.0,47.90019,-1.0,4.0,9.369575,2.0,-1.0,0.0,0.0,58.180143,3.0,63.983449,-1.0,39.667668,0.0,187.476932
7254,1848901405.0,2.0,3.0,141.0,3.0,19.062308,-1.0,4.0,54.011049,1.0,0.0,1.0,0.0,29.484842,2.0,-1.0,0.0,17.878207,1.0,120.650037
1231,1848901407.0,3.0,3.0,71.0,6.0,89.115536,-1.0,2.0,49.289528,1.0,0.0,1.0,0.0,99.164536,3.0,7.862503,0.0,81.185396,1.0,274.61338
7255,1848901411.0,-1.0,4.0,74.0,3.0,-1.0,-1.0,-1.0,45.234045,1.0,0.0,1.0,0.0,-1.0,-1.0,81.035867,0.0,19.391801,1.0,38.304758
1142,1848901414.0,-1.0,2.0,119.0,5.0,40.958349,-1.0,3.0,64.781115,1.0,0.0,-1.0,0.0,51.002278,3.0,6.51433,0.0,45.482247,1.0,70.479412
7256,1848901416.0,3.0,2.0,146.0,3.0,14.358464,-1.0,4.0,49.577221,1.0,0.0,1.0,0.0,25.175768,3.0,92.492168,0.0,29.162422,1.0,112.072285
7257,1848901421.0,2.0,-1.0,124.0,3.0,36.133676,-1.0,3.0,3.524291,1.0,0.0,1.0,0.0,46.812058,1.0,1.18968,-1.0,5.710494,1.0,147.907206
1231,1848901426.0,4.0,3.0,156.0,2.0,3.533736,-1.0,4.0,45.383773,1.0,0.0,1.0,0.0,14.382832,3.0,95.522715,0.0,24.460752,1.0,35.591865
1162,1848901430.0,2.0,2.0,157.0,4.0,2.762006,-1.0,4.0,49.330952,1.0,0.0,0.0,0.0,13.646093,2.0,45.716668,0.0,54.780994,0.0,162.629711
7258,1848901433.0,2.0,2.0,110.0,3.0,49.66357,-1.0,4.0,58.774322,0.0,1.0,-1.0,1.0,60.002857,3.0,37.723579,0.0,70.499517,1.0,135.168414
1360,1848901439.0,3.0,4.0,139.0,-1.0,21.407047,-1.0,4.0,76.899116,1.0,0.0,-1.0,0.0,31.561197,3.0,61.033625,0.0,48.177876,1.0,165.283537
7259,1848901445.0,3.0,2.0,160.0,3.0,0.306287,-1.0,-1.0,-1.0,1.0,0.0,-1.0,0.0,10.799974,3.0,113.092008,0.0,11.677752,1.0,49.241567
7260,1848901447.0,-1.0,2.0,130.0,3.0,29.706435,-1.0,3.0,61.012692,1.0,0.0,1.0,0.0,40.201768,3.0,44.748503,0.0,54.020938,1.0,-1.0
1361,1848901449.0,2.0,3.0,65.0,-1.0,95.445363,-1.0,2.0,81.371574,1.0,0.0,1.0,0.0,105.874449,1.0,33.407684,0.0,76.921515,1.0,51.34365
1173,1848901454.0,3.0,3.0,109.0,0.0,50.859086,-1.0,4.0,34.96586,1.0,0.0,1.0,0.0,61.165805,2.0,4.296223,0.0,53.713486,1.0,101.518973
1362,1848901459.0,2.0,3.0,27.0,-1.0,133.399918,-1.0,4.0,29.35289,1.0,0.0,1.0,0.0,144.280459,3.0,-1.0,0.0,24.125759,1.0,84.822693
1242,1848901461.0,4.0,3.0,142.0,9.0,18.094668,-1.0,3.0,99.403497,1.0,0.0,0.0,0.0,28.428991,4.0,45.083808,0.0,30.928186,0.0,99.858562
1243,1848901466.0,2.0,2.0,77.0,9.0,82.91603,-1.0,3.0,17.090271,1.0,0.0,1.0,0.0,93.520341,4.0,77.360995,0.0,34.721414,1.0,57.500552
7261,1848901468.0,2.0,4.0,135.0,3.0,25.412659,-1.0,4.0,32.903227,0.0,1.0,1.0,1.0,36.156791,3.0,10.294848,0.0,27.34566,1.0,192.081254
7262,1848901471.0,2.0,3.0,150.0,3.0,9.572686,-1.0,3.0,57.469941,1.0,0.0,-1.0,0.0,20.493812,1.0,44.55718,1.0,36.556173,1.0,64.674092
1264,1848901475.0,2.0,4.0,108.0,1.0,52.210994,-1.0,3.0,48.523065,2.0,0.0,1.0,0.0,62.925105,2.0,39.47645,0.0,5.294121,1.0,150.557051
7263,1848901479.0,2.0,2.0,73.0,3.0,86.710366,-1.0,4.0,65.097537,1.0,0.0,1.0,0.0,97.610973,-1.0,24.231065,0.0,22.880547,1.0,50.611318
1363,1848901484.0,3.0,2.0,152.0,-1.0,7.859531,-1.0,4.0,43.988128,2.0,0.0,-1.0,0.0,18.34107,3.0,21.864451,0.0,8.716909,1.0,70.16971
1232,1848901486.0,-1.0,4.0,142.0,2.0,18.234872,-1.0,4.0,77.844218,1.0,0.0,1.0,0.0,28.502194,2.0,-1.0,1.0,61.608604,1.0,86.366866
7264,1848901488.0,3.0,3.0,106.0,3.0,54.15914,-1.0,3.0,34.854745,1.0,0.0,1.0,0.0,64.749755,1.0,28.120622,1.0,18.54935,0.0,84.704076
1252,1848901494.0,2.0,3.0,67.0,7.0,92.524011,-1.0,2.0,119.577563,1.0,0.0,-1.0,0.0,103.02994,4.0,-1.0,0.0,52.235355,1.0,56.731537
1233,1848901500.0,4.0,3.0,152.0,2.0,8.352533,-1.0,2.0,70.550151,0.0,1.0,1.0,1.0,18.869399,1.0,20.800625,1.0,35.738501,1.0,58.693577
7265,1848901503.0,4.0,2.0,131.0,3.0,28.825501,-1.0,2.0,95.905455,2.0,0.0,0.0,0.0,39.692483,3.0,11.117275,-1.0,12.978616,0.0,21.221025
1232,1848901508.0,3.0,3.0,54.0,6.0,106.059594,-1.0,4.0,33.636184,2.0,0.0,1.0,0.0,117.005091,1.0,30.403884,0.0,28.759167,1.0,36.480825
1163,1848901512.0,2.0,3.0,111.0,4.0,48.958778,-1.0,3.0,44.070174,0.0,1.0,1.0,1.0,59.55641,3.0,60.737232,0.0,21.150233,1.0,209.379505
1265,1848901514.0,4.0,2.0,133.0,1.0,26.801317,-1.0,2.0,28.30109,0.0,1.0,-1.0,1.0,37.000942,3.0,10.82855,0.0,16.602135,1.0,231.079835
1143,1848901519.0,2.0,3.0,53.0,5.0,107.167809,-1.0,4.0,63.216903,1.0,0.0,1.0,0.0,117.728666,1.0,136.8074,-1.0,41.297465,1.0,131.878659
1144,1848901521.0,4.0,4.0,157.0,5.0,2.738026,-1.0,4.0,80.455184,1.0,0.0,1.0,0.0,13.075301,-1.0,28.678688,0.0,61.396564,1.0,133.984071
7266,1848901524.0,3.0,-1.0,55.0,3.0,105.371696,-1.0,4.0,18.729834,1.0,0.0,1.0,0.0,115.700057,3.0,0.178766,0.0,17.87031,1.0,177.918533
7267,1848901527.0,4.0,4.0,146.0,3.0,14.495832,-1.0,3.0,29.407263,1.0,0.0,1.0,0.0,25.156341,1.0,44.784555,-1.0,39.887214,1.0,50.636342
7268,1848901529.0,4.0,2.0,159.0,3.0,1.209397,-1.0,2.0,12.042054,1.0,-1.0,1.0,0.0,11.728096,3.0,-1.0,0.0,14.222635,1.0,57.181081
7269,1848901534.0,3.0,3.0,156.0,3.0,4.385856,-1.0,3.0,-1.0,1.0,0.0,1.0,0.0,15.142788,-1.0,59.641488,0.0,60.586343,1.0,182.544835
1233,1848901536.0,2.0,-1.0,151.0,6.0,9.28046,-1.0,4.0,124.202629,2.0,0.0,-1.0,0.0,20.175601,3.0,8.403211,0.0,51.397749,-1.0,59.159466
7270,1848901538.0,4.0,4.0,146.0,3.0,14.30359,-1.0,4.0,48.362828,1.0,0.0,1.0,0.0,24.63251,2.0,96.081883,0.0,60.304797,1.0,59.679571
1244,1848901541.0,3.0,2.0,149.0,9.0,11.023196,-1.0,3.0,48.914911,1.0,0.0,-1.0,0.0,22.008258,3.0,-1.0,1.0,7.552182,1.0,60.687753
7271,1848901545.0,3.0,2.0,156.0,3.0,3.772352,-1.0,4.0,9.670039,1.0,0.0,1.0,0.0,14.253953,-1.0,-1.0,0.0,22.799046,1.0,129.030264
7272,1848901548.0,2.0,4.0,75.0,3.0,85.485236,-1.0,2.0,36.204651,2.0,0.0,1.0,0.0,95.894357,4.0,74.448713,0.0,6.665367,1.0,23.106356
1234,1848901554.0,4.0,3.0,154.0,2.0,6.26823,-1.0,3.0,13.294854,1.0,-1.0,1.0,0.0,16.767071,3.0,62.339428,-1.0,97.884123,1.0,192.41571
7273,1848901560.0,3.0,3.0,100.0,3.0,60.235668,-1.0,2.0,70.294065,1.0,-1.0,1.0,0.0,70.458038,3.0,82.519855,1.0,13.435207,1.0,113.03149
7274,1848901562.0,2.0,2.0,158.0,3.0,1.563857,-1.0,2.0,49.687997,1.0,0.0,1.0,0.0,11.776227,-1.0,-1.0,1.0,4.530817,1.0,94.926004
7275,1848901567.0,4.0,3.0,120.0,3.0,40.228842,-1.0,4.0,57.983895,2.0,0.0,1.0,0.0,50.449129,-1.0,11.481115,0.0,9.4381,1.0,129.439353
1174,1848901571.0,2.0,-1.0,141.0,0.0,19.464768,-1.0,4.0,15.614829,2.0,0.0,1.0,0.0,30.045933,3.0,4.760979,1.0,48.505068,1.0,93.554181
7276,1848901573.0,4.0,4.0,137.0,3.0,22.600681,-1.0,4.0,52.286406,1.0,0.0,1.0,0.0,33.49631,2.0,15.36698,1.0,5.381465,1.0,174.184486
1245,1848901577.0,2.0,2.0,126.0,9.0,34.441455,-1.0,4.0,114.018321,1.0,0.0,1.0,0.0,44.719841,2.0,42.459129,0.0,0.30748,1.0,28.092198
1235,1848901582.0,3.0,-1.0,122.0,2.0,37.636799,-1.0,2.0,138.807495,1.0,0.0,1.0,0.0,48.301423,3.0,53.870659,1.0,79.918956,1.0,230.059366
1364,1848901584.0,2.0,3.0,133.0,-1.0,26.585604,-1.0,4.0,124.277387,1.0,0.0,1.0,0.0,37.358384,1.0,-1.0,0.0,41.909185,1.0,23.141135
1266,1848901590.0,2.0,4.0,57.0,1.0,103.045366,-1.0,4.0,36.010566,1.0,0.0,1.0,0.0,113.353276,3.0,72.674328,0.0,48.706463,1.0,83.396688
7277,1848901595.0,3.0,2.0,123.0,3.0,37.487415,-1.0,2.0,23.62316,2.0,0.0,1.0,0.0,47.672878,3.0,45.276729,0.0,22.167106,1.0,54.078004
1145,1848901597.0,4.0,3.0,129.0,5.0,31.039721,-1.0,2.0,2.382581,2.0,0.0,1.0,0.0,41.495786,3.0,41.860145,0.0,52.227679,1.0,106.519542
7278,1848901603.0,3.0,4.0,74.0,3.0,-1.0,-1.0,3.0,40.67408,1.0,0.0,1.0,0.0,-1.0,1.0,72.337934,0.0,30.621494,1.0,220.754498
7279,1848901609.0,4.0,3.0,102.0,3.0,57.562212,-1.0,3.0,82.555343,1.0,0.0,1.0,0.0,67.804542,1.0,34.67919,-1.0,18.657818,1.0,127.151113
7280,1848901612.0,3.0,3.0,39.0,3.0,120.661561,-1.0,2.0,53.163715,1.0,0.0,1.0,0.0,130.769591,2.0,32.680968,0.0,32.607277,1.0,181.418006
1211,1848901618.0,3.0,3.0,157.0,8.0,2.832402,-1.0,4.0,96.228741,1.0,0.0,1.0,0.0,13.31778,3.0,-1.0,0.0,50.467439,1.0,115.846421
1365,1848901622.0,4.0,2.0,97.0,-1.0,63.005148,-1.0,4.0,53.390747,1.0,0.0,0.0,0.0,73.579822,3.0,-1.0,0.0,5.611173,0.0,96.691951
1175,1848901624.0,3.0,3.0,156.0,0.0,4.095131,-1.0,3.0,9.414189,2.0,-1.0,1.0,0.0,14.230478,4.0,35.988296,0.0,15.788758,1.0,88.488257
7281,1848901628.0,2.0,3.0,74.0,3.0,-1.0,-1.0,2.0,60.934483,1.0,0.0,1.0,0.0,-1.0,3.0,-1.0,0.0,90.87128,1.0,32.906412
1176,1848901632.0,2.0,4.0,18.0,0.0,141.859085,-1.0,3.0,80.220679,1.0,0.0,1.0,0.0,152.281204,3.0,52.050403,-1.0,19.001825,1.0,6.464575
1253,1848901637.0,2.0,3.0,141.0,7.0,18.614479,-1.0,3.0,-1.0,1.0,-1.0,0.0,0.0,28.892706,3.0,34.505728,0.0,34.297438,0.0,101.476616
1164,1848901639.0,4.0,2.0,155.0,4.0,5.105951,-1.0,4.0,15.788384,1.0,0.0,1.0,0.0,15.433652,3.0,40.753641,0.0,32.426141,1.0,151.137646
1267,1848901644.0,2.0,4.0,143.0,1.0,16.507493,-1.0,3.0,16.487968,1.0,0.0,1.0,0.0,27.505392,1.0,-1.0,0.0,0.950005,1.0,108.253391
1165,1848901650.0,4.0,3.0,148.0,4.0,11.864406,-1.0,2.0,2.987081,2.0,-1.0,1.0,0.0,22.327654,3.0,9.107048,0.0,3.714856,1.0,130.214607
7282,1848901656.0,3.0,3.0,19.0,3.0,140.795981,-1.0,2.0,65.89765,1.0,0.0,1.0,0.0,151.438614,2.0,6.634424,0.0,15.592613,0.0,148.40695
7283,1848901662.0,4.0,3.0,74.0,3.0,-1.0,-1.0,4.0,11.271905,1.0,0.0,-1.0,0.0,-1.0,2.0,140.403372,0.0,11.049525,1.0,168.827321
7284,1848901664.0,4.0,-1.0,153.0,3.0,7.060158,-1.0,3.0,68.591587,1.0,0.0,1.0,0.0,17.918513,3.0,117.427679,1.0,48.43215,1.0,121.671762
1177,1848901670.0,3.0,3.0,114.0,0.0,45.70892,-1.0,4.0,-1.0,1.0,0.0,1.0,0.0,56.231719,1.0,67.400454,0.0,45.917441,1.0,135.354949
1268,1848901672.0,2.0,2.0,129.0,1.0,30.625423,-1.0,2.0,-1.0,1.0,0.0,1.0,0.0,41.436321,3.0,80.891096,0.0,5.004216,1.0,213.663117
7285,1848901677.0,2.0,2.0,137.0,3.0,23.321053,-1.0,2.0,71.994743,2.0,0.0,1.0,0.0,33.505826,4.0,1.49302,0.0,9.98945,1.0,213.453393
1236,1848901681.0,3.0,2.0,74.0,2.0,-1.0,-1.0,4.0,27.021786,0.0,1.0,-1.0,1.0,-1.0,3.0,49.996176,0.0,17.807255,1.0,79.201015
1166,1848901684.0,3.0,3.0,128.0,4.0,32.250711,-1.0,4.0,-1.0,1.0,0.0,1.0,0.0,43.075874,2.0,10.323941,0.0,7.538659,1.0,92.918172
7286,1848901689.0,4.0,3.0,90.0,3.0,70.360933,-1.0,4.0,-1.0,1.0,-1.0,1.0,0.0,80.417677,4.0,42.97276,0.0,12.748459,1.0,240.605446
1167,1848901695.0,4.0,2.0,153.0,4.0,6.974053,-1.0,2.0,31.385817,1.0,0.0,1.0,0.0,17.134111,1.0,55.124495,-1.0,68.896934,1.0,6.082043
7287,1848901699.0,4.0,3.0,151.0,3.0,9.374446,-1.0,-1.0,99.800053,1.0,0.0,1.0,0.0,19.763501,3.0,19.07154,0.0,7.819029,1.0,94.312593
7288,1848901702.0,3.0,4.0,88.0,3.0,71.553539,-1.0,4.0,103.045939,1.0,0.0,1.0,0.0,82.314267,1.0,14.837664,0.0,55.010853,1.0,289.435839
1178,1848901708.0,3.0,3.0,69.0,0.0,90.545439,-1.0,3.0,12.262399,1.0,0.0,1.0,0.0,101.521514,3.0,61.273104,0.0,38.500159,1.0,33.567596
1254,1848901714.0,3.0,4.0,75.0,7.0,85.027146,-1.0,-1.0,40.556678,1.0,0.0,1.0,0.0,95.424148,3.0,26.646519,0.0,43.377312,0.0,35.699285
1246,1848901719.0,4.0,4.0,108.0,9.0,52.2634,-1.0,4.0,16.870312,2.0,0.0,1.0,0.0,63.144302,-1.0,29.785838,0.0,51.180685,1.0,141.733096
1269,1848901724.0,2.0,4.0,141.0,1.0,19.187289,-1.0,2.0,92.653735,0.0,1.0,-1.0,1.0,29.983145,3.0,57.188171,1.0,22.544622,1.0,21.304
7289,1848901729.0,2.0,4.0,112.0,3.0,48.390693,-1.0,4.0,39.353747,2.0,0.0,1.0,0.0,59.34066,3.0,49.43625,0.0,48.453862,1.0,24.125568
7290,1848901732.0,4.0,4.0,116.0,3.0,43.82161,-1.0,4.0,6.974342,1.0,0.0,0.0,0.0,54.461585,4.0,35.094725,0.0,37.281546,0.0,235.024129
1247,1848901738.0,4.0,4.0,110.0,9.0,49.57005,-1.0,3.0,80.050914,1.0,0.0,0.0,0.0,59.73197,3.0,33.940032,0.0,17.992685,0.0,59.942817
7291,1848901743.0,2.0,2.0,122.0,3.0,37.538837,-1.0,3.0,2.394662,1.0,0.0,1.0,0.0,48.191581,3.0,33.623837,0.0,22.908999,1.0,59.725695
1248,1848901745.0,3.0,2.0,137.0,9.0,23.307803,-1.0,4.0,-1.0,2.0,0.0,0.0,0.0,33.378118,4.0,52.801872,0.0,3.876832,0.0,218.670802
1366,1848901749.0,4.0,2.0,73.0,-1.0,87.17702,-1.0,2.0,-1.0,2.0,0.0,1.0,0.0,97.838575,3.0,3.268224,-1.0,8.036161,1.0,53.992178
1255,1848901751.0,3.0,3.0,89.0,7.0,70.937787,-1.0,4.0,37.096738,1.0,0.0,1.0,0.0,81.717867,1.0,28.254839,0.0,5.395741,1.0,100.608073
1212,1848901757.0,2.0,2.0,133.0,8.0,26.638083,-1.0,4.0,18.476496,1.0,0.0,1.0,0.0,36.676395,1.0,46.069623,0.0,2.586479,1.0,31.169676
7292,1848901762.0,2.0,3.0,95.0,3.0,64.942696,-1.0,3.0,25.192239,2.0,0.0,1.0,0.0,75.183579,3.0,14.30969,0.0,58.550823,1.0,132.954452
7293,1848901767.0,2.0,4.0,148.0,3.0,12.274812,-1.0,4.0,52.510783,2.0,0.0,1.0,0.0,22.939474,4.0,26.579482,0.0,25.772915,1.0,253.669435
7294,1848901771.0,3.0,2.0,74.0,3.0,-1.0,-1.0,3.0,12.702659,1.0,0.0,1.0,0.0,-1.0,1.0,103.883338,0.0,28.751132,1.0,74.843057
1234,1848901775.0,4.0,3.0,59.0,6.0,101.120644,-1.0,-1.0,88.14199,1.0,0.0,1.0,0.0,112.045915,3.0,17.816768,0.0,8.927419,1.0,134.296106
7295,1848901779.0,2.0,4.0,102.0,3.0,57.730566,-1.0,4.0,66.876263,1.0,0.0,1.0,0.0,68.112643,3.0,14.059334,0.0,60.463922,-1.0,173.717186
7296,1848901782.0,2.0,4.0,158.0,3.0,2.102783,-1.0,2.0,108.909398,1.0,0.0,0.0,0.0,12.606902,2.0,115.064555,0.0,32.404347,0.0,129.532495
1146,1848901784.0,4.0,3.0,77.0,5.0,82.638113,-1.0,2.0,20.231216,1.0,-1.0,1.0,0.0,92.799381,3.0,62.61435,0.0,30.709919,1.0,2.675133
7297,1848901790.0,3.0,3.0,144.0,3.0,15.979584,-1.0,-1.0,64.671344,1.0,-1.0,1.0,0.0,26.616718,3.0,121.007022,0.0,56.797628,1.0,125.297656
1256,1848901792.0,3.0,4.0,130.0,7.0,30.00843,-1.0,2.0,47.625547,1.0,0.0,1.0,0.0,40.331104,-1.0,65.279748,0.0,31.520948,1.0,199.000933
1270,1848901795.0,3.0,4.0,115.0,1.0,45.316514,-1.0,3.0,34.243402,2.0,0.0,1.0,0.0,55.96534,4.0,16.284983,0.0,16.536829,1.0,170.981733
7298,1848901797.0,3.0,3.0,112.0,3.0,48.495725,-1.0,2.0,80.152666,2.0,0.0,1.0,0.0,59.468436,3.0,137.217709,0.0,10.420962,1.0,42.050995
7299,1848901800.0,4.0,2.0,150.0,3.0,9.749784,-1.0,2.0,12.347021,1.0,0.0,1.0,0.0,20.103164,1.0,-1.0,1.0,0.051706,1.0,65.540161
1367,1848901806.0,2.0,4.0,112.0,-1.0,47.626358,-1.0,-1.0,26.054461,1.0,-1.0,0.0,0.0,58.549449,-1.0,66.965467,0.0,5.911792,0.0,139.241002
1147,1848901810.0,4.0,3.0,74.0,5.0,-1.0,-1.0,3.0,70.679408,2.0,0.0,0.0,0.0,-1.0,2.0,68.46743,1.0,1.391677,0.0,108.38532
1168,1848901812.0,2.0,4.0,159.0,4.0,0.564021,-1.0,2.0,12.503036,1.0,0.0,1.0,0.0,11.200299,2.0,86.509434,1.0,9.40638,1.0,-1.0
1169,1848901816.0,4.0,2.0,114.0,4.0,46.149255,-1.0,4.0,-1.0,1.0,0.0,1.0,0.0,56.687461,4.0,10.428788,0.0,9.247411,1.0,71.778065
1237,1848901820.0,4.0,4.0,136.0,2.0,24.254949,-1.0,3.0,89.208105,1.0,0.0,1.0,0.0,34.332097,1.0,21.527039,0.0,30.903476,1.0,147.751354
1148,1848901826.0,3.0,4.0,114.0,5.0,45.541545,-1.0,4.0,15.382589,1.0,0.0,0.0,0.0,56.099916,1.0,59.027335,0.0,6.121719,0.0,109.060734
1271,1848901830.0,-1.0,4.0,151.0,1.0,8.68013,-1.0,3.0,20.869968,1.0,0.0,1.0,0.0,19.55917,2.0,-1.0,1.0,13.541751,1.0,139.016541
1170,1848901835.0,3.0,2.0,69.0,4.0,91.216645,-1.0,4.0,20.817272,1.0,0.0,0.0,0.0,102.030819,1.0,27.144739,1.0,17.561558,0.0,7.918523
1368,1848901837.0,3.0,2.0,74.0,-1.0,-1.0,-1.0,2.0,36.764007,1.0,0.0,1.0,0.0,-1.0,1.0,100.310516,1.0,22.809689,1.0,13.262089
7300,1848901843.0,4.0,2.0,148.0,3.0,11.89772,-1.0,-1.0,9.641802,1.0,0.0,-1.0,0.0,22.541138,4.0,107.692674,1.0,27.682004,1.0,282.445023
1235,1848901848.0,2.0,4.0,111.0,6.0,49.313537,-1.0,2.0,41.04532,1.0,0.0,1.0,0.0,60.061231,4.0,75.402214,0.0,56.822427,1.0,132.026428
1179,1848901853.0,2.0,-1.0,105.0,0.0,54.942973,-1.0,4.0,30.934445,1.0,0.0,1.0,0.0,65.220191,3.0,-1.0,1.0,1.020495,1.0,18.618185
1369,1848901856.0,3.0,3.0,82.0,-1.0,77.93379,-1.0,3.0,8.374054,1.0,0.0,0.0,0.0,88.542992,3.0,-1.0,0.0,46.236075,0.0,215.786697
1213,1848901862.0,2.0,2.0,37.0,8.0,122.735782,-1.0,3.0,47.500984,1.0,0.0,0.0,0.0,132.857246,3.0,14.612158,1.0,78.222832,0.0,162.528229
7301,1848901866.0,-1.0,3.0,143.0,3.0,17.13315,-1.0,-1.0,41.976762,2.0,0.0,0.0,0.0,28.105069,3.0,14.438262,0.0,11.627727,0.0,133.269731
7302,1848901870.0,2.0,2.0,37.0,3.0,123.260026,-1.0,3.0,87.556017,1.0,0.0,1.0,0.0,134.232769,2.0,46.135194,0.0,16.590139,1.0,94.005058
1272,1848901875.0,2.0,3.0,74.0,1.0,-1.0,-1.0,3.0,-1.0,1.0,0.0,1.0,0.0,-1.0,3.0,20.993669,0.0,10.136884,1.0,102.740355
1171,1848901878.0,3.0,2.0,130.0,4.0,29.641961,-1.0,2.0,111.64402,1.0,0.0,1.0,0.0,40.449579,2.0,11.293902,0.0,36.004103,1.0,236.558817
7303,1848901883.0,3.0,3.0,45.0,3.0,114.862484,-1.0,3.0,22.044909,1.0,0.0,1.0,0.0,124.953699,-1.0,20.042966,0.0,5.947239,-1.0,37.871846
1149,1848901889.0,3.0,2.0,39.0,5.0,120.718085,-1.0,2.0,3.838119,1.0,0.0,1.0,0.0,131.709699,2.0,7.748137,0.0,34.36678,1.0,71.967586
1249,1848901891.0,4.0,3.0,109.0,9.0,50.780567,-1.0,4.0,21.517906,1.0,0.0,1.0,0.0,61.152096,4.0,56.707739,0.0,18.258724,1.0,34.699901
1238,1848901895.0,-1.0,3.0,116.0,2.0,44.485018,-1.0,4.0,31.013338,2.0,0.0,-1.0,0.0,55.209482,3.0,39.595683,-1.0,11.541919,0.0,150.303317
1172,1848901897.0,3.0,3.0,135.0,4.0,25.139003,-1.0,2.0,119.013968,1.0,0.0,1.0,0.0,35.79631,3.0,-1.0,-1.0,26.633558,1.0,-1.0
7304,1848901899.0,2.0,3.0,98.0,3.0,62.099027,-1.0,3.0,83.458069,1.0,0.0,1.0,0.0,72.4516,4.0,-1.0,1.0,20.320502,1.0,48.056594
1150,1848901901.0,4.0,-1.0,138.0,5.0,22.389019,-1.0,4.0,71.63893,1.0,0.0,1.0,0.0,32.646306,2.0,28.571784,0.0,17.791731,1.0,134.874409
1257,1848901904.0,2.0,3.0,152.0,7.0,8.24454,-1.0,4.0,-1.0,1.0,0.0,-1.0,0.0,19.01132,-1.0,41.604613,0.0,58.201468,1.0,31.579727
1173,1848901910.0,4.0,2.0,115.0,4.0,45.485112,-1.0,3.0,13.653892,1.0,0.0,0.0,0.0,56.095666,3.0,65.550128,0.0,56.616256,0.0,48.860799
1250,1848901912.0,3.0,3.0,68.0,9.0,91.967754,-1.0,2.0,-1.0,2.0,-1.0,1.0,0.0,102.95701,3.0,58.349892,0.0,1.019989,1.0,10.617391
1151,1848901915.0,3.0,2.0,117.0,5.0,43.254191,-1.0,2.0,20.085711,2.0,0.0,1.0,0.0,53.853653,3.0,27.012977,0.0,36.683466,-1.0,138.292246
7305,1848901918.0,3.0,3.0,153.0,3.0,7.309534,-1.0,4.0,3.907449,1.0,0.0,1.0,0.0,17.437621,1.0,35.769811,0.0,23.955506,1.0,143.33939
1239,1848901924.0,2.0,4.0,74.0,2.0,-1.0,-1.0,2.0,57.447302,1.0,0.0,1.0,0.0,-1.0,3.0,2.937174,0.0,52.193785,1.0,152.807805
1214,1848901930.0,3.0,4.0,74.0,8.0,-1.0,-1.0,4.0,5.612634,1.0,0.0,-1.0,0.0,-1.0,4.0,45.112285,0.0,12.466984,1.0,30.085098
1240,1848901933.0,3.0,3.0,98.0,2.0,62.200318,-1.0,4.0,13.57778,0.0,1.0,1.0,1.0,72.213938,1.0,14.828953,0.0,34.001549,1.0,222.783876
7306,1848901938.0,3.0,3.0,128.0,3.0,32.082059,-1.0,3.0,37.97272,2.0,-1.0,-1.0,0.0,42.226085,4.0,58.503302,1.0,24.85035,1.0,14.409111
1370,1848901940.0,3.0,2.0,121.0,-1.0,39.470206,-1.0,2.0,37.489755,1.0,-1.0,0.0,0.0,50.336458,3.0,28.780797,0.0,40.832872,0.0,96.33413
1152,1848901946.0,3.0,3.0,127.0,5.0,32.904566,-1.0,3.0,67.356231,1.0,0.0,0.0,0.0,43.639974,2.0,50.249485,0.0,4.158377,0.0,84.812585
1241,1848901952.0,-1.0,4.0,100.0,2.0,59.925766,-1.0,2.0,-1.0,1.0,0.0,0.0,0.0,70.55579,4.0,25.768865,0.0,56.356899,0.0,27.829313
1371,1848901958.0,3.0,4.0,61.0,-1.0,99.109084,-1.0,4.0,123.529964,1.0,0.0,1.0,0.0,109.90516,1.0,35.156641,1.0,11.236321,1.0,91.234207
1180,1848901964.0,4.0,2.0,150.0,0.0,10.06388,-1.0,3.0,48.948594,1.0,0.0,1.0,0.0,20.492819,2.0,48.526202,0.0,3.532623,1.0,156.175373
1273,1848901967.0,3.0,3.0,74.0,1.0,-1.0,-1.0,4.0,-1.0,1.0,0.0,-1.0,0.0,-1.0,3.0,7.106595,0.0,32.510827,1.0,192.888575
7307,1848901970.0,3.0,2.0,159.0,3.0,1.142318,-1.0,2.0,10.36343,1.0,0.0,1.0,0.0,11.573021,-1.0,5.755898,0.0,62.800193,1.0,173.535044
7308,1848901973.0,4.0,3.0,151.0,3.0,9.158134,-1.0,2.0,38.37357,1.0,-1.0,-1.0,0.0,19.96582,3.0,-1.0,0.0,9.092887,1.0,66.802022
1153,1848901976.0,-1.0,-1.0,125.0,5.0,34.520646,-1.0,2.0,37.030852,1.0,0.0,1.0,0.0,44.957779,2.0,14.117464,0.0,25.138034,1.0,123.885962
7309,1848901982.0,3.0,2.0,147.0,3.0,12.995435,-1.0,-1.0,74.782079,2.0,0.0,1.0,0.0,23.424356,-1.0,109.004627,0.0,12.435714,1.0,117.469898
1242,1848901987.0,-1.0,4.0,145.0,2.0,14.925975,-1.0,3.0,29.275279,2.0,0.0,0.0,0.0,25.391143,3.0,60.063683,0.0,17.810084,0.0,71.242081
1181,1848901993.0,3.0,2.0,98.0,0.0,62.424524,-1.0,4.0,27.147029,1.0,0.0,1.0,0.0,72.947368,3.0,41.316645,0.0,38.737598,1.0,269.131713
7310,1848901997.0,4.0,4.0,142.0,3.0,17.912159,-1.0,2.0,56.49902,1.0,0.0,-1.0,0.0,28.693088,3.0,58.331154,0.0,80.455932,1.0,145.110627
1258,1848902002.0,4.0,4.0,150.0,7.0,10.051421,-1.0,2.0,13.244858,1.0,-1.0,0.0,0.0,20.936842,4.0,62.469163,1.0,63.488287,0.0,51.304553
1215,1848902007.0,2.0,3.0,137.0,8.0,22.778763,-1.0,4.0,18.639014,2.0,0.0,1.0,0.0,33.246049,3.0,120.566486,0.0,3.41867,1.0,33.83634
7311,1848902012.0,2.0,3.0,149.0,3.0,11.017699,-1.0,4.0,16.746773,2.0,0.0,1.0,0.0,21.874252,3.0,78.134248,0.0,15.122471,-1.0,63.626161
7312,1848902018.0,2.0,2.0,150.0,3.0,9.545229,-1.0,3.0,4.126789,2.0,0.0,-1.0,0.0,19.903467,3.0,103.087628,0.0,6.122996,1.0,21.04324
1372,1848902022.0,4.0,3.0,125.0,-1.0,34.70094,-1.0,4.0,37.350035,1.0,0.0,-1.0,0.0,45.347744,1.0,40.661395,1.0,47.070689,1.0,101.245153
1259,1848902028.0,2.0,4.0,49.0,7.0,111.133198,-1.0,-1.0,155.458205,1.0,0.0,1.0,0.0,121.583937,2.0,-1.0,0.0,29.66653,1.0,26.71548
1260,1848902033.0,4.0,4.0,154.0,7.0,6.063224,-1.0,3.0,48.988231,1.0,0.0,1.0,0.0,16.768971,-1.0,15.831405,1.0,57.167326,1.0,20.085439
1182,1848902037.0,2.0,2.0,154.0,0.0,6.414995,-1.0,4.0,12.750153,1.0,0.0,1.0,0.0,17.341002,3.0,53.756379,1.0,12.776585,1.0,156.352978
1373,1848902041.0,4.0,4.0,94.0,-1.0,65.764795,-1.0,-1.0,1.439561,1.0,0.0,-1.0,0.0,76.430194,3.0,117.013179,1.0,14.56102,1.0,76.933776
1154,1848902046.0,2.0,2.0,29.0,5.0,131.034351,-1.0,4.0,36.304885,2.0,0.0,1.0,0.0,141.679452,3.0,31.760365,0.0,21.730425,-1.0,84.723722
1261,1848902050.0,4.0,4.0,137.0,7.0,22.939442,-1.0,4.0,69.37975,0.0,1.0,1.0,1.0,33.261236,3.0,26.434241,0.0,53.706731,1.0,167.035723
1262,1848902056.0,3.0,4.0,89.0,7.0,71.425393,-1.0,-1.0,14.603389,1.0,0.0,1.0,0.0,81.428195,3.0,55.287655,1.0,35.132878,1.0,18.261741
7313,1848902058.0,4.0,4.0,150.0,3.0,10.238444,-1.0,4.0,23.822029,1.0,0.0,1.0,0.0,20.757671,2.0,25.842681,0.0,7.732688,1.0,121.61517
1174,1848902064.0,3.0,4.0,155.0,4.0,5.323123,-1.0,3.0,98.706502,0.0,1.0,0.0,1.0,16.061136,2.0,32.506188,0.0,15.284556,0.0,87.021266
1251,1848902069.0,-1.0,3.0,100.0,9.0,60.409213,-1.0,4.0,43.72571,2.0,0.0,1.0,0.0,70.655517,2.0,95.633287,0.0,25.78529,1.0,169.178133
1175,1848902071.0,4.0,4.0,142.0,4.0,18.398039,-1.0,3.0,5.261053,2.0,-1.0,1.0,0.0,29.154861,3.0,62.118002,0.0,21.186226,1.0,34.663231
1374,1848902075.0,4.0,3.0,93.0,-1.0,66.890488,-1.0,4.0,9.486588,1.0,0.0,1.0,0.0,77.218555,1.0,-1.0,0.0,62.399351,1.0,224.939349
7314,1848902079.0,3.0,4.0,74.0,3.0,-1.0,-1.0,2.0,79.098639,1.0,0.0,1.0,0.0,-1.0,3.0,18.83564,0.0,48.943486,1.0,42.345597
1216,1848902084.0,3.0,2.0,125.0,8.0,34.823841,-1.0,2.0,51.199501,1.0,0.0,1.0,0.0,45.788852,4.0,128.183617,0.0,13.105016,1.0,214.379178
1375,1848902089.0,3.0,2.0,132.0,-1.0,28.431351,-1.0,3.0,101.479557,1.0,0.0,1.0,0.0,39.099994,3.0,10.801679,0.0,26.927539,1.0,49.959949
1376,1848902095.0,4.0,3.0,117.0,-1.0,43.115014,-1.0,-1.0,45.465833,1.0,0.0,-1.0,0.0,53.405039,2.0,13.857624,-1.0,72.935126,1.0,141.113841
1217,1848902101.0,4.0,2.0,149.0,8.0,10.671809,-1.0,4.0,16.674236,1.0,0.0,1.0,0.0,21.590109,2.0,-1.0,0.0,9.559551,1.0,94.283242
1243,1848902107.0,2.0,3.0,82.0,2.0,78.49925,-1.0,4.0,98.187789,1.0,0.0,1.0,0.0,89.175266,3.0,79.132914,-1.0,25.343656,1.0,183.482825
7315,1848902111.0,3.0,-1.0,151.0,3.0,9.26688,-1.0,2.0,91.10651,1.0,0.0,-1.0,0.0,19.516436,2.0,104.165652,0.0,49.823004,1.0,92.518599
7316,1848902115.0,2.0,4.0,104.0,3.0,56.430684,-1.0,2.0,2.963566,1.0,0.0,1.0,0.0,66.950685,2.0,-1.0,0.0,38.862217,1.0,166.651627
7317,1848902119.0,3.0,3.0,158.0,3.0,2.334569,-1.0,2.0,72.327467,2.0,0.0,-1.0,0.0,12.458759,3.0,74.81396,1.0,18.437944,1.0,72.870727
7318,1848902121.0,4.0,3.0,148.0,3.0,12.490545,-1.0,3.0,12.709198,2.0,0.0,1.0,0.0,22.780823,3.0,25.980099,1.0,13.18841,1.0,45.009
1263,1848902126.0,-1.0,3.0,100.0,7.0,60.378063,-1.0,3.0,43.182537,1.0,0.0,1.0,0.0,70.730734,4.0,-1.0,0.0,9.981596,1.0,87.299884
7319,1848902132.0,4.0,4.0,58.0,3.0,101.648194,-1.0,2.0,52.925921,2.0,0.0,1.0,0.0,111.651439,2.0,35.603092,1.0,9.400816,1.0,36.071891
7320,1848902137.0,2.0,4.0,137.0,3.0,23.401281,-1.0,4.0,63.608066,1.0,0.0,1.0,0.0,34.256875,3.0,96.142325,0.0,17.365042,1.0,12.997432
1377,1848902141.0,3.0,4.0,74.0,-1.0,-1.0,-1.0,2.0,99.581267,2.0,0.0,1.0,0.0,-1.0,2.0,-1.0,0.0,56.12921,1.0,181.437385
1236,1848902146.0,3.0,3.0,132.0,6.0,27.996771,-1.0,4.0,118.450018,1.0,-1.0,1.0,0.0,38.643917,1.0,41.483409,0.0,17.749571,1.0,48.207563
1252,1848902150.0,3.0,3.0,118.0,9.0,41.813239,-1.0,2.0,8.945291,0.0,1.0,1.0,1.0,52.113999,3.0,57.194172,0.0,18.280271,1.0,112.729851
7321,1848902152.0,4.0,2.0,126.0,3.0,33.777235,-1.0,4.0,18.64641,2.0,-1.0,1.0,0.0,44.711138,-1.0,17.129829,-1.0,27.755385,1.0,106.036596
1274,1848902155.0,4.0,3.0,138.0,1.0,21.935677,-1.0,3.0,40.158902,1.0,0.0,0.0,0.0,32.115729,3.0,79.453653,0.0,20.992982,0.0,186.640406
1264,1848902161.0,3.0,4.0,74.0,7.0,-1.0,-1.0,4.0,35.116835,2.0,0.0,1.0,0.0,-1.0,-1.0,10.820538,1.0,15.398778,1.0,78.726911
7322,1848902164.0,3.0,3.0,155.0,3.0,5.482115,-1.0,4.0,53.038925,1.0,0.0,1.0,0.0,15.939188,-1.0,112.01226,0.0,61.837397,1.0,227.510131
1155,1848902168.0,2.0,2.0,150.0,5.0,10.380554,-1.0,3.0,19.454691,1.0,0.0,0.0,0.0,21.012747,2.0,16.246154,0.0,11.3101,0.0,274.73694
1183,1848902171.0,2.0,2.0,69.0,0.0,91.352493,-1.0,3.0,36.463226,1.0,0.0,-1.0,0.0,101.552972,1.0,36.991431,0.0,41.282635,1.0,-1.0
1378,1848902177.0,2.0,4.0,157.0,-1.0,3.201807,-1.0,3.0,65.987991,2.0,0.0,1.0,0.0,14.19546,3.0,60.092075,0.0,42.848439,1.0,40.708045
1265,1848902181.0,2.0,3.0,52.0,7.0,108.388344,-1.0,3.0,28.368349,1.0,0.0,-1.0,0.0,118.457307,1.0,65.211235,0.0,8.26081,0.0,20.431434
1176,1848902184.0,4.0,4.0,151.0,4.0,9.016441,-1.0,2.0,113.543808,1.0,0.0,-1.0,0.0,19.150584,2.0,8.174514,0.0,36.350052,1.0,11.778791
1156,1848902189.0,3.0,4.0,149.0,5.0,11.101515,-1.0,3.0,2.638665,1.0,-1.0,0.0,0.0,21.8885,3.0,-1.0,0.0,18.361045,0.0,19.607339
7323,1848902191.0,4.0,-1.0,144.0,3.0,16.286315,-1.0,3.0,116.057736,1.0,0.0,-1.0,0.0,26.992451,3.0,83.243258,1.0,2.019685,1.0,148.4835
1237,1848902197.0,3.0,3.0,98.0,6.0,61.778061,-1.0,3.0,60.78911,1.0,0.0,1.0,0.0,72.655885,3.0,55.317644,0.0,6.090655,1.0,105.351495
1177,1848902202.0,4.0,3.0,134.0,4.0,25.631501,-1.0,4.0,20.472855,1.0,0.0,1.0,0.0,36.097345,3.0,55.861056,0.0,17.975717,1.0,90.114402
1238,1848902208.0,2.0,4.0,153.0,6.0,6.811804,-1.0,4.0,-1.0,1.0,0.0,1.0,0.0,17.252279,3.0,6.791681,0.0,25.431137,1.0,123.007104
7324,1848902212.0,2.0,2.0,21.0,3.0,139.256779,-1.0,3.0,25.691045,2.0,0.0,-1.0,0.0,150.152132,2.0,62.677515,-1.0,10.349104,1.0,66.793824
1218,1848902214.0,3.0,4.0,131.0,8.0,29.210223,-1.0,2.0,29.667707,1.0,0.0,1.0,0.0,40.117724,3.0,76.11882,0.0,12.913015,1.0,6.018069
7325,1848902217.0,3.0,4.0,147.0,3.0,13.107943,-1.0,3.0,-1.0,1.0,-1.0,1.0,0.0,23.170419,3.0,91.520724,0.0,13.775356,1.0,124.66033
7326,1848902221.0,3.0,4.0,88.0,3.0,71.993844,-1.0,3.0,2.523832,1.0,0.0,1.0,0.0,82.638661,3.0,3.783164,0.0,27.346648,1.0,141.515466
1266,1848902223.0,4.0,3.0,42.0,7.0,118.258893,-1.0,2.0,-1.0,1.0,0.0,1.0,0.0,128.266234,2.0,-1.0,1.0,12.111663,1.0,20.433778
7327,1848902229.0,3.0,3.0,112.0,3.0,47.727382,-1.0,2.0,33.809621,1.0,0.0,0.0,0.0,58.078411,3.0,32.857459,0.0,9.629101,0.0,59.075514
7328,1848902231.0,3.0,4.0,108.0,3.0,52.385839,-1.0,2.0,40.362915,2.0,0.0,1.0,0.0,63.38145,2.0,28.330204,0.0,80.465934,1.0,111.935013
1244,1848902234.0,4.0,4.0,136.0,2.0,24.27246,-1.0,2.0,103.946745,1.0,0.0,1.0,0.0,35.076089,3.0,122.498222,0.0,0.252644,1.0,6.907881
1253,1848902238.0,3.0,2.0,153.0,9.0,6.749546,-1.0,3.0,12.839179,1.0,0.0,1.0,0.0,17.379858,3.0,22.323334,0.0,37.233263,-1.0,107.286085
7329,1848902243.0,2.0,3.0,143.0,3.0,16.563838,-1.0,4.0,86.011694,1.0,0.0,1.0,0.0,27.519689,3.0,123.309258,0.0,26.868381,0.0,86.205876
7330,1848902245.0,2.0,3.0,139.0,3.0,21.182809,-1.0,-1.0,14.612504,2.0,0.0,0.0,0.0,31.858118,3.0,17.351302,0.0,14.951097,0.0,111.995375
1379,1848902249.0,2.0,4.0,126.0,-1.0,34.494142,-1.0,3.0,-1.0,1.0,-1.0,1.0,0.0,45.068376,4.0,7.060097,0.0,49.137866,1.0,38.394712
1275,1848902255.0,4.0,3.0,122.0,1.0,37.831942,-1.0,4.0,18.034686,1.0,0.0,-1.0,0.0,48.014393,4.0,29.831901,0.0,39.007274,-1.0,45.191918
1219,1848902260.0,2.0,3.0,97.0,8.0,63.08291,-1.0,4.0,34.493328,1.0,0.0,1.0,0.0,73.367885,3.0,58.637804,-1.0,5.139956,1.0,208.667034
7331,1848902265.0,4.0,2.0,149.0,3.0,11.333485,-1.0,4.0,61.112917,2.0,0.0,0.0,0.0,21.982439,4.0,49.491245,0.0,3.506378,0.0,40.064102
1157,1848902267.0,4.0,3.0,74.0,5.0,-1.0,-1.0,3.0,15.398194,1.0,0.0,1.0,0.0,-1.0,3.0,21.201561,0.0,45.649932,1.0,127.407135
1220,1848902271.0,3.0,4.0,116.0,8.0,44.247674,-1.0,2.0,32.242638,1.0,0.0,1.0,0.0,54.848424,3.0,-1.0,0.0,21.325374,1.0,23.382641
7332,1848902274.0,3.0,4.0,76.0,3.0,83.512611,-1.0,2.0,79.897127,1.0,-1.0,1.0,0.0,93.950433,3.0,10.199366,0.0,83.510297,1.0,45.143041
1267,1848902277.0,3.0,4.0,109.0,7.0,50.676372,-1.0,3.0,29.523938,1.0,0.0,-1.0,0.0,61.536434,4.0,104.33291,0.0,33.604662,1.0,71.461911
7333,1848902283.0,4.0,2.0,94.0,3.0,66.343612,-1.0,3.0,50.056237,1.0,0.0,1.0,0.0,76.844193,1.0,42.153433,0.0,16.828208,1.0,183.982575
1380,1848902288.0,2.0,3.0,115.0,-1.0,44.508545,-1.0,3.0,-1.0,2.0,0.0,1.0,0.0,54.530561,4.0,71.911093,0.0,71.772719,1.0,91.017345
1178,1848902290.0,4.0,3.0,110.0,4.0,50.022125,-1.0,2.0,6.154072,1.0,0.0,-1.0,0.0,60.732657,2.0,19.399334,0.0,34.970118,0.0,10.441396
1179,1848902295.0,3.0,3.0,141.0,4.0,18.592065,-1.0,2.0,44.99024,1.0,0.0,1.0,0.0,28.661114,4.0,95.221755,0.0,37.691875,1.0,114.882213
7334,1848902298.0,2.0,4.0,148.0,3.0,12.03785,-1.0,2.0,11.965994,1.0,0.0,1.0,0.0,22.894973,3.0,52.594629,1.0,30.859594,1.0,266.608651
7335,1848902300.0,2.0,4.0,144.0,3.0,15.70066,-1.0,2.0,19.406659,1.0,0.0,1.0,0.0,26.271304,2.0,43.38743,0.0,1.915547,1.0,62.647329
7336,1848902304.0,3.0,2.0,142.0,3.0,17.64761,-1.0,4.0,118.258104,0.0,1.0,1.0,1.0,28.349231,3.0,24.82387,1.0,8.389141,1.0,151.827033
1180,1848902309.0,4.0,4.0,146.0,4.0,14.382182,-1.0,-1.0,3.904472,1.0,0.0,1.0,0.0,24.902654,3.0,65.021751,0.0,1.493368,1.0,108.45138
1245,1848902314.0,4.0,4.0,99.0,2.0,61.244072,-1.0,3.0,11.307123,1.0,0.0,1.0,0.0,71.928355,1.0,49.246397,0.0,45.526057,1.0,37.687493
7337,1848902317.0,2.0,4.0,105.0,3.0,54.645921,-1.0,2.0,102.436369,1.0,0.0,1.0,0.0,65.12743,1.0,30.365203,0.0,15.116629,1.0,58.685339
7338,1848902322.0,-1.0,4.0,113.0,3.0,46.568892,-1.0,3.0,-1.0,1.0,0.0,1.0,0.0,56.678323,3.0,41.376341,1.0,14.360933,1.0,51.769527
7339,1848902324.0,3.0,4.0,88.0,3.0,71.535568,-1.0,4.0,25.889943,1.0,0.0,1.0,0.0,81.792783,4.0,84.975077,1.0,3.791876,1.0,137.402384
1254,1848902327.0,2.0,3.0,65.0,9.0,94.640671,-1.0,2.0,30.883246,1.0,0.0,1.0,0.0,105.428488,3.0,130.637219,0.0,17.505114,1.0,144.342616
1158,1848902332.0,2.0,3.0,95.0,5.0,64.921633,-1.0,4.0,-1.0,1.0,0.0,-1.0,0.0,75.672923,3.0,30.470064,0.0,12.106871,0.0,24.074124
7340,1848902336.0,4.0,3.0,108.0,3.0,52.226063,-1.0,3.0,6.42078,1.0,0.0,1.0,0.0,62.544467,3.0,32.256696,0.0,12.361971,1.0,80.573928
7341,1848902339.0,4.0,2.0,129.0,3.0,31.319494,-1.0,4.0,125.417173,2.0,0.0,1.0,0.0,42.302772,4.0,27.455153,0.0,9.9553,1.0,189.947129
7342,1848902341.0,4.0,3.0,96.0,3.0,64.066378,-1.0,3.0,60.220595,1.0,0.0,1.0,0.0,74.117132,4.0,59.987868,-1.0,4.643724,1.0,137.542242
1181,1848902343.0,2.0,4.0,142.0,4.0,17.968434,-1.0,2.0,20.830626,1.0,0.0,-1.0,0.0,28.165572,2.0,11.721709,1.0,18.451633,1.0,59.293242
7343,1848902346.0,3.0,2.0,114.0,3.0,45.549948,-1.0,4.0,20.382495,2.0,0.0,-1.0,0.0,55.63928,1.0,12.995556,-1.0,22.170164,1.0,120.754551
1221,1848902352.0,4.0,4.0,154.0,8.0,6.346458,-1.0,3.0,90.850505,1.0,0.0,1.0,0.0,16.749885,1.0,71.296896,0.0,15.696495,-1.0,124.500369
1255,1848902358.0,3.0,2.0,74.0,9.0,-1.0,-1.0,-1.0,15.831757,1.0,0.0,1.0,0.0,-1.0,3.0,133.034584,0.0,37.037622,1.0,73.092259
1246,1848902362.0,2.0,2.0,116.0,2.0,43.57376,-1.0,3.0,9.221513,0.0,1.0,1.0,1.0,54.202703,3.0,36.024759,0.0,19.315314,1.0,237.545197
1184,1848902368.0,-1.0,4.0,76.0,0.0,84.337369,-1.0,2.0,3.114265,1.0,-1.0,-1.0,0.0,94.930804,3.0,-1.0,1.0,84.49773,0.0,59.075595
1159,1848902374.0,3.0,3.0,90.0,5.0,70.204381,-1.0,4.0,17.12871,2.0,-1.0,-1.0,0.0,80.725483,3.0,26.537086,0.0,24.945158,1.0,21.970566
1381,1848902378.0,2.0,3.0,61.0,-1.0,99.189312,-1.0,3.0,38.382462,2.0,0.0,1.0,0.0,109.454335,2.0,69.412063,0.0,0.693121,1.0,99.356326
1182,1848902382.0,-1.0,4.0,156.0,4.0,4.008751,-1.0,2.0,61.672425,0.0,1.0,1.0,1.0,14.655814,2.0,5.669481,0.0,27.210397,1.0,122.424033
1247,1848902388.0,3.0,3.0,151.0,2.0,9.488088,-1.0,2.0,20.365428,2.0,0.0,1.0,0.0,20.433557,3.0,38.77417,0.0,26.609751,1.0,95.343728
1222,1848902392.0,3.0,4.0,115.0,8.0,44.968274,-1.0,3.0,18.266574,1.0,0.0,-1.0,0.0,55.895064,3.0,127.927254,0.0,11.790515,0.0,185.718851
1223,1848902394.0,2.0,3.0,144.0,8.0,16.249538,-1.0,4.0,32.133635,1.0,0.0,-1.0,0.0,27.233832,1.0,124.168198,0.0,20.702564,1.0,95.04492
1183,1848902396.0,4.0,3.0,80.0,4.0,79.508236,-1.0,2.0,39.968443,1.0,-1.0,0.0,0.0,90.034598,4.0,41.46309,1.0,1.137415,0.0,110.917225
1256,1848902399.0,3.0,4.0,90.0,9.0,69.940734,-1.0,-1.0,76.795834,1.0,0.0,1.0,0.0,80.274534,3.0,36.665815,1.0,23.054916,1.0,221.803327
1382,1848902402.0,4.0,3.0,74.0,-1.0,-1.0,-1.0,2.0,5.865003,1.0,0.0,1.0,0.0,-1.0,3.0,53.304314,0.0,26.439705,1.0,98.579682
1276,1848902408.0,4.0,4.0,157.0,1.0,3.226043,-1.0,4.0,15.124016,2.0,0.0,-1.0,0.0,13.675361,3.0,-1.0,-1.0,29.702548,1.0,144.680337
7344,1848902412.0,4.0,4.0,62.0,3.0,98.262272,-1.0,4.0,-1.0,0.0,1.0,-1.0,1.0,108.445373,3.0,13.600339,0.0,37.189745,0.0,176.539215
1257,1848902417.0,4.0,3.0,140.0,9.0,19.834239,-1.0,4.0,50.223104,1.0,0.0,1.0,0.0,29.886265,3.0,84.381871,0.0,22.225511,1.0,186.41256
1184,1848902423.0,3.0,2.0,41.0,4.0,118.533267,-1.0,3.0,8.816757,1.0,0.0,1.0,0.0,128.725754,2.0,37.158257,1.0,46.792077,1.0,40.927316
1248,1848902426.0,2.0,3.0,159.0,2.0,0.515009,-1.0,2.0,20.415472,1.0,-1.0,1.0,0.0,11.356623,3.0,-1.0,0.0,34.168705,1.0,145.836511
1239,1848902428.0,2.0,3.0,150.0,6.0,10.460375,-1.0,4.0,-1.0,1.0,0.0,1.0,0.0,21.212999,2.0,29.32932,1.0,56.683758,1.0,153.343581
1240,1848902432.0,2.0,3.0,134.0,6.0,26.439763,-1.0,3.0,-1.0,1.0,0.0,1.0,0.0,36.5056,2.0,19.100682,1.0,86.198816,1.0,11.387238
1258,1848902437.0,2.0,2.0,137.0,9.0,22.669647,-1.0,4.0,58.528549,1.0,-1.0,1.0,0.0,33.108436,3.0,3.147841,0.0,49.182035,1.0,5.444275
1249,1848902442.0,4.0,4.0,122.0,2.0,37.711026,-1.0,4.0,11.006816,1.0,0.0,1.0,0.0,48.690684,1.0,1.417449,0.0,34.803358,1.0,26.900299
7345,1848902444.0,3.0,3.0,153.0,3.0,7.089972,-1.0,4.0,23.239357,1.0,-1.0,1.0,0.0,17.743288,3.0,44.986739,0.0,24.471997,1.0,58.753927
1224,1848902449.0,3.0,4.0,80.0,8.0,79.713489,-1.0,2.0,16.24219,1.0,0.0,-1.0,0.0,90.380794,3.0,14.14763,0.0,7.382201,1.0,-1.0
7346,1848902451.0,4.0,4.0,145.0,3.0,15.475963,-1.0,3.0,6.076375,1.0,0.0,1.0,0.0,25.772907,3.0,43.023696,0.0,44.423447,1.0,165.56361
1225,1848902455.0,3.0,3.0,89.0,8.0,71.054409,-1.0,-1.0,11.408345,1.0,0.0,1.0,0.0,81.228752,3.0,72.561166,-1.0,9.334781,1.0,153.307984
1241,1848902459.0,4.0,2.0,131.0,6.0,29.120338,-1.0,4.0,31.4329,1.0,0.0,0.0,0.0,39.671336,3.0,60.411344,1.0,40.04888,0.0,105.390127
7347,1848902463.0,4.0,4.0,137.0,3.0,23.207903,-1.0,2.0,46.897333,1.0,-1.0,1.0,0.0,33.909884,2.0,6.222406,0.0,7.932431,-1.0,98.191729
7348,1848902466.0,4.0,-1.0,140.0,3.0,20.364694,-1.0,-1.0,29.234977,1.0,0.0,1.0,0.0,30.873627,3.0,63.881099,0.0,58.653287,1.0,49.415996
1160,1848902468.0,4.0,3.0,74.0,5.0,-1.0,-1.0,3.0,65.380352,1.0,0.0,1.0,0.0,-1.0,-1.0,73.862736,0.0,50.806958,1.0,40.929043
7349,1848902473.0,3.0,3.0,134.0,3.0,26.446089,-1.0,2.0,15.917282,2.0,0.0,1.0,0.0,37.261378,3.0,29.145763,0.0,33.356241,1.0,101.996346
1268,1848902475.0,2.0,4.0,158.0,7.0,2.187742,-1.0,4.0,-1.0,2.0,0.0,1.0,0.0,13.063738,-1.0,-1.0,0.0,48.637907,1.0,133.755766
1269,1848902477.0,2.0,-1.0,95.0,7.0,65.217574,-1.0,4.0,25.262563,1.0,0.0,1.0,0.0,75.996047,3.0,13.902449,0.0,58.705204,1.0,77.253573
1161,1848902482.0,3.0,4.0,146.0,5.0,13.757712,-1.0,2.0,37.558703,2.0,0.0,1.0,0.0,24.179777,3.0,-1.0,0.0,8.001875,1.0,75.991408
7350,1848902486.0,4.0,4.0,137.0,3.0,23.052829,-1.0,-1.0,99.184332,2.0,0.0,-1.0,0.0,33.639209,1.0,103.660208,0.0,1.812921,1.0,93.850589
7351,1848902491.0,4.0,3.0,122.0,3.0,37.527702,-1.0,2.0,39.768961,1.0,0.0,-1.0,0.0,48.231333,4.0,41.332148,0.0,23.984214,1.0,16.390085
7352,1848902497.0,4.0,3.0,54.0,3.0,106.052742,-1.0,3.0,40.148072,1.0,0.0,1.0,0.0,116.698364,3.0,36.01454,0.0,54.479592,1.0,53.870568
1270,1848902502.0,4.0,2.0,159.0,7.0,0.553043,-1.0,2.0,21.556121,1.0,0.0,1.0,0.0,11.274301,1.0,52.909875,0.0,3.180814,1.0,17.921223
1259,1848902508.0,3.0,3.0,74.0,9.0,-1.0,-1.0,3.0,50.302162,0.0,1.0,1.0,1.0,-1.0,-1.0,97.833656,0.0,64.315422,1.0,39.752627
7353,1848902510.0,2.0,3.0,121.0,3.0,39.474559,-1.0,2.0,20.929346,2.0,0.0,-1.0,0.0,50.313255,4.0,-1.0,0.0,5.970316,1.0,132.396947
1242,1848902512.0,4.0,2.0,80.0,6.0,79.538718,-1.0,4.0,29.02019,1.0,0.0,1.0,0.0,90.139482,2.0,24.748623,-1.0,4.621498,1.0,96.156165
1250,1848902515.0,2.0,2.0,135.0,2.0,24.911156,-1.0,-1.0,8.894797,2.0,0.0,-1.0,0.0,35.698439,3.0,136.793325,0.0,8.919513,1.0,13.950746
1251,1848902521.0,3.0,-1.0,67.0,2.0,92.571848,-1.0,3.0,1.695518,1.0,0.0,1.0,0.0,102.953658,3.0,141.368647,1.0,12.872407,1.0,95.913839
1185,1848902526.0,2.0,3.0,159.0,0.0,0.513092,-1.0,4.0,126.912742,1.0,-1.0,-1.0,0.0,11.069209,2.0,-1.0,0.0,25.856037,1.0,103.383555
1186,1848902528.0,-1.0,3.0,146.0,0.0,14.139665,-1.0,3.0,26.770676,2.0,0.0,1.0,0.0,24.524077,2.0,35.986509,1.0,34.281505,1.0,34.292176
7354,1848902533.0,4.0,2.0,159.0,3.0,1.148491,-1.0,4.0,23.47682,1.0,0.0,1.0,0.0,11.191711,4.0,34.329834,0.0,32.441674,1.0,37.06438
7355,1848902538.0,3.0,2.0,145.0,3.0,14.703848,-1.0,-1.0,86.701688,0.0,1.0,1.0,1.0,25.661644,3.0,99.10744,0.0,35.935445,1.0,53.82152
7356,1848902544.0,4.0,2.0,149.0,3.0,10.988203,-1.0,4.0,108.830157,1.0,0.0,1.0,0.0,21.379898,2.0,32.81978,-1.0,68.960567,1.0,204.687924
1226,1848902550.0,4.0,4.0,159.0,8.0,0.912879,-1.0,4.0,34.304168,1.0,-1.0,1.0,0.0,11.849003,2.0,-1.0,0.0,20.662784,1.0,125.120002
7357,1848902556.0,2.0,3.0,128.0,3.0,32.114814,-1.0,3.0,38.322816,1.0,-1.0,1.0,0.0,42.907624,3.0,114.773129,0.0,41.2827,1.0,92.739755
1227,1848902559.0,3.0,2.0,74.0,8.0,-1.0,-1.0,2.0,35.082156,1.0,0.0,1.0,0.0,-1.0,3.0,-1.0,1.0,17.255337,1.0,116.249203
1162,1848902564.0,2.0,4.0,151.0,5.0,9.314432,-1.0,4.0,42.828982,1.0,0.0,-1.0,0.0,19.707664,4.0,37.172034,0.0,2.887654,1.0,110.933908
1260,1848902568.0,2.0,3.0,119.0,9.0,40.528253,-1.0,3.0,105.90396,1.0,0.0,1.0,0.0,51.164902,3.0,-1.0,1.0,38.831584,1.0,111.18606
1187,1848902574.0,2.0,4.0,153.0,0.0,7.165432,-1.0,-1.0,28.23891,0.0,1.0,1.0,1.0,17.282854,3.0,25.606868,0.0,42.776705,1.0,123.91381
1185,1848902579.0,-1.0,4.0,116.0,4.0,44.132099,-1.0,3.0,79.404718,1.0,0.0,1.0,0.0,54.878988,3.0,23.110451,0.0,21.956641,1.0,40.579845
1243,1848902582.0,4.0,3.0,43.0,6.0,117.221029,-1.0,2.0,133.00714,2.0,0.0,1.0,0.0,127.344095,4.0,53.579457,1.0,34.854808,1.0,8.826441
1271,1848902587.0,3.0,3.0,126.0,7.0,34.346614,-1.0,2.0,-1.0,1.0,0.0,1.0,0.0,45.017355,1.0,-1.0,-1.0,25.23575,1.0,187.504237
7358,1848902591.0,2.0,3.0,94.0,3.0,65.703942,-1.0,4.0,90.219637,2.0,0.0,1.0,0.0,76.220628,4.0,11.235862,0.0,0.30094,1.0,147.122196
7359,1848902594.0,3.0,4.0,54.0,3.0,106.294784,-1.0,3.0,16.500326,1.0,0.0,-1.0,0.0,116.597472,3.0,14.2487,-1.0,39.106174,1.0,131.598419
1252,1848902596.0,4.0,3.0,149.0,2.0,11.214822,-1.0,2.0,11.50869,1.0,0.0,1.0,0.0,22.151916,3.0,109.117212,0.0,31.833902,1.0,46.76785
7360,1848902602.0,2.0,2.0,157.0,3.0,2.691457,-1.0,4.0,14.221632,1.0,0.0,1.0,0.0,13.560829,1.0,101.489674,0.0,10.853946,1.0,100.076379
1272,1848902605.0,3.0,4.0,127.0,7.0,33.140009,-1.0,4.0,16.228476,1.0,0.0,0.0,0.0,43.213619,3.0,67.91398,0.0,9.835967,0.0,239.887733
1277,1848902608.0,-1.0,4.0,74.0,1.0,-1.0,-1.0,3.0,13.393512,1.0,0.0,1.0,0.0,-1.0,2.0,33.115366,1.0,1.277127,1.0,88.053337
7361,1848902613.0,3.0,2.0,122.0,3.0,38.118263,-1.0,3.0,32.543525,2.0,0.0,1.0,0.0,49.026426,3.0,39.233086,1.0,72.405966,1.0,7.374721
1186,1848902617.0,2.0,2.0,145.0,4.0,14.887408,-1.0,3.0,-1.0,2.0,0.0,-1.0,0.0,25.491696,4.0,93.602947,0.0,14.774797,1.0,44.110085
1253,1848902623.0,3.0,3.0,130.0,2.0,30.369576,-1.0,4.0,45.042785,1.0,0.0,1.0,0.0,40.612311,3.0,17.365472,0.0,29.916558,1.0,11.492851
1163,1848902627.0,3.0,3.0,47.0,5.0,112.612933,-1.0,2.0,34.184386,0.0,1.0,1.0,1.0,123.057897,4.0,-1.0,0.0,18.397649,1.0,68.444358
1261,1848902631.0,2.0,3.0,110.0,9.0,49.928796,-1.0,4.0,98.161699,2.0,0.0,1.0,0.0,60.511512,3.0,48.835377,-1.0,34.467487,1.0,29.560745
1278,1848902634.0,2.0,2.0,159.0,1.0,0.759806,-1.0,2.0,-1.0,1.0,0.0,1.0,0.0,11.570912,2.0,14.246569,-1.0,12.060572,1.0,198.298838
1279,1848902639.0,3.0,3.0,151.0,1.0,9.167005,-1.0,4.0,48.268156,1.0,0.0,1.0,0.0,19.519263,1.0,8.74514,1.0,13.985796,1.0,9.47986
1228,1848902643.0,-1.0,2.0,89.0,8.0,71.301292,-1.0,2.0,-1.0,0.0,1.0,1.0,1.0,82.291832,2.0,87.962123,0.0,16.343595,1.0,103.046747
7362,1848902648.0,3.0,3.0,73.0,3.0,86.527148,-1.0,4.0,4.438799,1.0,0.0,1.0,0.0,97.498257,4.0,10.106844,0.0,15.104874,1.0,212.243588
7363,1848902651.0,2.0,4.0,152.0,3.0,7.720284,-1.0,2.0,7.901546,1.0,0.0,1.0,0.0,18.443431,3.0,-1.0,1.0,46.40549,1.0,79.293212
1254,1848902657.0,3.0,4.0,120.0,2.0,39.685546,-1.0,3.0,123.286655,1.0,0.0,1.0,0.0,50.454244,3.0,114.348317,0.0,60.517343,0.0,141.030066
1187,1848902662.0,2.0,3.0,128.0,4.0,31.894634,-1.0,2.0,17.949599,1.0,0.0,1.0,0.0,42.066148,3.0,14.659525,-1.0,42.754551,1.0,0.438194
7364,1848902664.0,3.0,2.0,79.0,3.0,80.763393,-1.0,4.0,-1.0,2.0,-1.0,1.0,0.0,90.833069,4.0,13.833342,0.0,30.48941,1.0,4.223188
1383,1848902670.0,2.0,4.0,143.0,-1.0,17.051358,-1.0,4.0,39.584799,0.0,1.0,1.0,1.0,27.601398,1.0,3.362392,0.0,20.994317,1.0,131.398876
7365,1848902675.0,3.0,2.0,160.0,3.0,0.169818,-1.0,4.0,59.703541,1.0,0.0,-1.0,0.0,10.811368,2.0,2.768821,1.0,47.472794,1.0,251.936904
7366,1848902677.0,4.0,2.0,87.0,3.0,73.005163,-1.0,2.0,130.118065,2.0,0.0,1.0,0.0,83.673321,3.0,72.596523,-1.0,6.709381,1.0,135.408207
1164,1848902680.0,4.0,3.0,152.0,5.0,8.138662,-1.0,2.0,28.717577,1.0,0.0,1.0,0.0,18.462861,2.0,19.313565,0.0,68.838736,1.0,143.102941
1280,1848902685.0,4.0,3.0,88.0,1.0,72.29794,-1.0,4.0,91.206208,1.0,0.0,1.0,0.0,82.875164,2.0,49.568586,1.0,23.287478,1.0,102.861073
1255,1848902687.0,4.0,2.0,70.0,2.0,89.543231,-1.0,3.0,53.799408,0.0,1.0,1.0,1.0,100.159941,2.0,31.597138,0.0,38.908694,1.0,134.540843
1165,1848902690.0,2.0,3.0,51.0,5.0,108.956981,-1.0,2.0,38.088542,1.0,0.0,0.0,0.0,119.156862,3.0,-1.0,0.0,8.355706,0.0,97.271145
7367,1848902695.0,-1.0,4.0,74.0,3.0,-1.0,-1.0,3.0,7.415384,2.0,0.0,1.0,0.0,-1.0,2.0,82.969672,0.0,16.5228,1.0,146.503576
1384,1848902699.0,4.0,4.0,111.0,-1.0,48.816069,-1.0,2.0,46.070323,1.0,0.0,1.0,0.0,59.509351,3.0,35.953944,0.0,51.427943,1.0,112.456075
1229,1848902702.0,3.0,4.0,124.0,8.0,35.972797,-1.0,4.0,6.071534,2.0,0.0,1.0,0.0,46.101043,1.0,105.868449,-1.0,39.710587,1.0,189.953178
7368,1848902707.0,4.0,2.0,132.0,3.0,28.303309,-1.0,2.0,26.212678,1.0,-1.0,1.0,0.0,38.370489,4.0,60.800207,0.0,16.942253,1.0,246.028787
7369,1848902711.0,3.0,3.0,122.0,3.0,38.381101,-1.0,2.0,64.31415,1.0,0.0,1.0,0.0,49.001275,2.0,45.711847,0.0,45.672987,1.0,108.149681
1256,1848902713.0,2.0,2.0,54.0,2.0,106.326208,-1.0,4.0,80.542216,1.0,0.0,-1.0,0.0,116.334467,1.0,-1.0,0.0,43.981098,1.0,8.599336
1257,1848902718.0,4.0,4.0,121.0,2.0,39.160059,-1.0,3.0,-1.0,1.0,0.0,1.0,0.0,49.332414,3.0,15.772985,0.0,0.084725,1.0,43.040661
1385,1848902721.0,4.0,2.0,155.0,-1.0,4.520356,-1.0,2.0,13.607102,1.0,0.0,1.0,0.0,15.082839,3.0,-1.0,0.0,4.941603,1.0,10.912678
7370,1848902723.0,4.0,3.0,137.0,3.0,22.809374,-1.0,2.0,22.222409,1.0,0.0,1.0,0.0,32.810965,3.0,-1.0,-1.0,2.856842,1.0,-1.0
1258,1848902727.0,3.0,3.0,111.0,2.0,48.952124,-1.0,3.0,27.639301,1.0,0.0,1.0,0.0,59.60965,3.0,76.577401,0.0,13.921568,1.0,108.466874
7371,1848902733.0,4.0,2.0,143.0,3.0,17.237967,-1.0,3.0,6.70954,1.0,0.0,1.0,0.0,27.824531,3.0,-1.0,0.0,52.384463,1.0,135.091295
7372,1848902736.0,3.0,3.0,132.0,3.0,27.529401,-1.0,4.0,26.299603,0.0,1.0,1.0,1.0,38.30861,4.0,44.67184,0.0,31.161474,1.0,142.714601
1244,1848902742.0,3.0,4.0,131.0,6.0,29.29421,-1.0,2.0,44.181617,2.0,0.0,0.0,0.0,40.040392,-1.0,60.472946,0.0,42.733978,0.0,132.617885
1281,1848902745.0,4.0,2.0,50.0,1.0,109.924878,-1.0,4.0,17.633614,1.0,0.0,1.0,0.0,120.15704,1.0,58.126729,0.0,47.261862,1.0,98.024978
1188,1848902750.0,2.0,4.0,88.0,0.0,72.195563,-1.0,3.0,94.599324,2.0,0.0,1.0,0.0,82.291496,3.0,18.775731,0.0,6.383913,1.0,2.402982
1245,1848902753.0,2.0,3.0,74.0,6.0,-1.0,-1.0,2.0,18.01028,1.0,0.0,1.0,0.0,-1.0,3.0,5.394045,0.0,17.132923,1.0,54.12984
7373,1848902756.0,3.0,4.0,74.0,3.0,-1.0,-1.0,4.0,6.464252,2.0,-1.0,1.0,0.0,-1.0,3.0,65.602385,0.0,27.14405,1.0,76.435477
1282,1848902760.0,4.0,2.0,137.0,1.0,22.888814,-1.0,3.0,28.51853,2.0,-1.0,1.0,0.0,33.813312,3.0,99.697341,-1.0,29.288661,1.0,56.227878
1262,1848902764.0,3.0,2.0,135.0,9.0,25.241676,-1.0,4.0,85.604354,1.0,0.0,1.0,0.0,35.704233,1.0,60.663057,0.0,0.243927,1.0,124.688101
7374,1848902768.0,4.0,4.0,67.0,3.0,93.06589,-1.0,2.0,37.259591,1.0,0.0,-1.0,0.0,103.200085,4.0,17.332227,1.0,21.45693,1.0,194.678566
7375,1848902772.0,4.0,2.0,110.0,3.0,50.467198,-1.0,3.0,32.913317,2.0,0.0,-1.0,0.0,60.649939,3.0,49.902799,-1.0,46.263747,1.0,56.693822
7376,1848902777.0,2.0,3.0,148.0,3.0,11.977171,-1.0,-1.0,45.380457,1.0,0.0,-1.0,0.0,22.836371,3.0,39.95441,1.0,14.614618,1.0,100.124896
1263,1848902783.0,4.0,4.0,146.0,9.0,13.6927,-1.0,2.0,10.596276,1.0,0.0,-1.0,0.0,23.751401,3.0,29.328923,0.0,54.26569,1.0,96.53949
1386,1848902789.0,2.0,4.0,137.0,-1.0,22.562546,-1.0,3.0,26.845788,1.0,-1.0,1.0,0.0,32.706382,3.0,81.707208,1.0,41.121714,1.0,190.624713
1188,1848902792.0,-1.0,2.0,143.0,4.0,17.101618,-1.0,3.0,14.510359,1.0,0.0,1.0,0.0,27.157287,3.0,39.159809,0.0,43.458125,1.0,44.943118
1189,1848902794.0,4.0,2.0,149.0,4.0,11.05598,-1.0,2.0,59.070829,2.0,0.0,1.0,0.0,21.166345,4.0,29.768723,1.0,3.005391,1.0,86.001667
1189,1848902798.0,3.0,4.0,155.0,0.0,5.465132,-1.0,3.0,107.95953,2.0,0.0,1.0,0.0,16.23291,4.0,2.258175,0.0,72.706416,1.0,9.67548
1283,1848902802.0,4.0,3.0,158.0,1.0,1.992817,-1.0,4.0,17.412741,1.0,0.0,1.0,0.0,12.519107,-1.0,5.768354,0.0,24.63602,1.0,162.449349
1190,1848902805.0,3.0,4.0,152.0,4.0,8.264563,-1.0,-1.0,10.73223,1.0,0.0,0.0,0.0,18.337193,4.0,80.278079,1.0,68.857267,0.0,118.134296
1166,1848902807.0,4.0,4.0,76.0,5.0,84.046715,-1.0,4.0,52.993051,0.0,1.0,1.0,1.0,94.84157,1.0,-1.0,0.0,2.956325,1.0,203.541337
7377,1848902810.0,2.0,2.0,149.0,3.0,11.216013,-1.0,3.0,67.808405,1.0,0.0,1.0,0.0,21.265178,2.0,-1.0,0.0,14.102951,1.0,94.587787
7378,1848902816.0,3.0,3.0,148.0,3.0,11.737808,-1.0,3.0,-1.0,1.0,0.0,1.0,0.0,22.204146,4.0,57.108689,0.0,3.62676,1.0,52.230084
7379,1848902819.0,3.0,2.0,53.0,3.0,107.457161,-1.0,4.0,67.968701,0.0,1.0,0.0,1.0,117.740696,3.0,62.606525,0.0,28.307874,0.0,73.697356
7380,1848902822.0,4.0,-1.0,144.0,3.0,16.039342,-1.0,2.0,20.277531,1.0,0.0,-1.0,0.0,26.464101,1.0,54.232113,0.0,13.681614,1.0,157.625799
1264,1848902825.0,4.0,-1.0,83.0,9.0,76.953237,-1.0,4.0,72.533657,2.0,0.0,1.0,0.0,87.675891,3.0,6.283844,0.0,57.24729,1.0,105.572219
1259,1848902831.0,2.0,3.0,127.0,2.0,33.413999,-1.0,-1.0,60.818591,1.0,-1.0,1.0,0.0,44.387638,3.0,18.800201,0.0,2.685068,1.0,149.532701
1273,1848902835.0,2.0,3.0,72.0,7.0,88.215296,-1.0,2.0,79.535328,2.0,0.0,1.0,0.0,98.848334,3.0,71.427825,1.0,10.997046,1.0,82.399844
1190,1848902837.0,4.0,2.0,130.0,0.0,29.728245,-1.0,3.0,34.922608,1.0,0.0,1.0,0.0,39.817616,2.0,-1.0,1.0,29.923352,1.0,82.400427
7381,1848902841.0,3.0,2.0,149.0,3.0,10.830219,-1.0,4.0,11.680512,1.0,0.0,1.0,0.0,21.69654,3.0,71.510703,0.0,33.532388,1.0,87.231335
1274,1848902847.0,2.0,2.0,153.0,7.0,6.690986,-1.0,3.0,102.352898,1.0,0.0,-1.0,0.0,16.985944,3.0,25.343848,0.0,54.7464,1.0,121.255004
7382,1848902849.0,3.0,2.0,123.0,3.0,36.902379,-1.0,4.0,35.600602,0.0,1.0,1.0,1.0,47.512378,3.0,81.033042,-1.0,43.045899,1.0,78.109426
1230,1848902853.0,4.0,-1.0,147.0,8.0,12.638604,-1.0,3.0,87.253151,1.0,-1.0,-1.0,0.0,23.367551,3.0,10.803594,1.0,9.4775,1.0,143.090542
7383,1848902856.0,2.0,4.0,122.0,3.0,37.770376,-1.0,3.0,30.185588,0.0,1.0,1.0,1.0,47.837269,2.0,70.52237,1.0,16.368352,-1.0,33.940024
7384,1848902859.0,2.0,4.0,146.0,3.0,14.344474,-1.0,4.0,45.19124,1.0,0.0,1.0,0.0,25.213235,2.0,139.786375,0.0,86.531947,1.0,76.459918
1260,1848902863.0,3.0,4.0,84.0,2.0,76.007512,-1.0,4.0,33.234155,2.0,0.0,1.0,0.0,86.73569,2.0,2.131444,0.0,0.594043,-1.0,72.193866
1167,1848902866.0,3.0,3.0,152.0,5.0,8.2153,-1.0,4.0,39.661336,2.0,0.0,1.0,0.0,19.133207,4.0,100.752584,0.0,35.386399,1.0,63.880817
7385,1848902871.0,2.0,3.0,102.0,3.0,57.635812,-1.0,4.0,21.130656,1.0,-1.0,1.0,0.0,67.879472,1.0,68.700036,0.0,53.92494,1.0,7.285525
1191,1848902873.0,3.0,2.0,83.0,0.0,76.951155,-1.0,2.0,23.60469,1.0,0.0,1.0,0.0,87.790855,3.0,50.536164,0.0,33.946267,1.0,163.284355
7386,1848902877.0,2.0,4.0,107.0,3.0,52.534572,-1.0,4.0,75.350048,1.0,0.0,1.0,0.0,63.077703,3.0,60.757323,1.0,47.947741,1.0,52.25571
1246,1848902883.0,-1.0,4.0,140.0,6.0,20.102883,-1.0,2.0,84.490993,2.0,-1.0,1.0,0.0,30.638195,3.0,103.923898,1.0,4.202469,1.0,1.757653
1275,1848902886.0,3.0,2.0,102.0,7.0,57.870166,-1.0,4.0,86.070229,1.0,0.0,1.0,0.0,68.673054,4.0,14.251849,0.0,23.545547,1.0,163.477014
1231,1848902889.0,4.0,4.0,89.0,8.0,70.784605,-1.0,2.0,50.556508,1.0,-1.0,-1.0,0.0,81.67346,3.0,14.128921,1.0,20.331935,1.0,36.263712
1168,1848902891.0,4.0,4.0,116.0,5.0,44.499879,-1.0,4.0,35.096383,0.0,1.0,1.0,1.0,54.742352,-1.0,55.703504,0.0,41.31336,1.0,223.177098
1191,1848902893.0,3.0,2.0,136.0,4.0,23.60193,-1.0,2.0,84.788755,2.0,0.0,-1.0,0.0,34.127139,4.0,20.207956,0.0,2.444179,1.0,165.189703
1284,1848902895.0,-1.0,2.0,26.0,1.0,134.097925,-1.0,2.0,91.100562,2.0,0.0,1.0,0.0,145.076232,2.0,41.759106,0.0,58.146696,1.0,52.515593
7387,1848902901.0,4.0,-1.0,137.0,3.0,22.891982,-1.0,2.0,111.24305,1.0,0.0,1.0,0.0,33.269458,2.0,38.870174,0.0,45.028859,1.0,24.228938
7388,1848902905.0,4.0,3.0,119.0,3.0,41.328469,-1.0,3.0,-1.0,1.0,0.0,-1.0,0.0,51.520579,3.0,51.341581,0.0,35.893088,1.0,102.320026
1192,1848902910.0,3.0,4.0,149.0,0.0,11.450044,-1.0,2.0,17.68669,1.0,0.0,1.0,0.0,21.567556,3.0,50.028451,0.0,27.822943,1.0,213.785352
7389,1848902915.0,3.0,2.0,154.0,3.0,6.225476,-1.0,3.0,-1.0,2.0,0.0,0.0,0.0,16.410716,3.0,-1.0,1.0,20.360525,0.0,173.848727
7390,1848902917.0,3.0,2.0,109.0,3.0,50.729417,-1.0,2.0,23.676868,1.0,0.0,-1.0,0.0,61.255536,1.0,5.72401,1.0,3.589721,1.0,168.815599
1387,1848902920.0,2.0,2.0,122.0,-1.0,37.883623,-1.0,2.0,130.562738,1.0,-1.0,0.0,0.0,48.734068,3.0,35.477906,0.0,48.193589,0.0,63.686645
1192,1848902922.0,4.0,2.0,133.0,4.0,26.512668,-1.0,4.0,118.556721,1.0,0.0,1.0,0.0,37.326567,4.0,91.270822,-1.0,5.432939,1.0,85.552955
7391,1848902924.0,3.0,2.0,83.0,3.0,77.384983,-1.0,3.0,-1.0,0.0,1.0,1.0,1.0,87.988714,4.0,8.955791,1.0,6.771994,1.0,106.999457
1193,1848902927.0,3.0,4.0,74.0,0.0,-1.0,-1.0,4.0,69.080742,1.0,0.0,1.0,0.0,-1.0,3.0,2.340963,0.0,26.937243,1.0,56.99488
7392,1848902931.0,3.0,2.0,144.0,3.0,15.761486,-1.0,-1.0,9.857287,1.0,0.0,1.0,0.0,26.588295,4.0,-1.0,0.0,6.87502,-1.0,157.451831
1232,1848902933.0,4.0,4.0,133.0,8.0,26.817299,-1.0,2.0,7.741711,1.0,0.0,1.0,0.0,37.476723,-1.0,60.039832,0.0,15.714127,1.0,220.264291
1261,1848902939.0,3.0,2.0,145.0,2.0,14.916622,-1.0,4.0,97.553893,1.0,0.0,1.0,0.0,25.147252,-1.0,87.348584,1.0,41.857364,1.0,249.120257
7393,1848902942.0,2.0,4.0,140.0,3.0,19.787795,-1.0,2.0,90.298989,1.0,0.0,1.0,0.0,30.420138,3.0,75.93928,0.0,43.498526,1.0,121.015613
7394,1848902947.0,2.0,3.0,74.0,3.0,-1.0,-1.0,4.0,78.433331,2.0,0.0,-1.0,0.0,-1.0,1.0,26.551417,1.0,27.141919,1.0,198.803925
7395,1848902952.0,4.0,4.0,73.0,3.0,87.027708,-1.0,2.0,61.324079,1.0,0.0,1.0,0.0,97.570994,-1.0,27.838846,0.0,11.21282,1.0,53.80598
7396,1848902957.0,3.0,3.0,74.0,3.0,86.488788,-1.0,2.0,48.359182,2.0,0.0,-1.0,0.0,97.27683,4.0,82.990581,0.0,2.826061,1.0,102.536462
7397,1848902962.0,3.0,3.0,133.0,3.0,26.726412,-1.0,4.0,79.500437,1.0,0.0,0.0,0.0,37.096322,3.0,32.119461,0.0,59.959767,0.0,11.965273
7398,1848902967.0,3.0,2.0,150.0,3.0,9.748574,-1.0,3.0,114.232634,0.0,1.0,0.0,1.0,20.392651,3.0,18.202176,-1.0,39.274211,0.0,57.066291
1194,1848902973.0,4.0,2.0,82.0,0.0,78.04021,-1.0,4.0,79.765043,1.0,0.0,1.0,0.0,88.577577,3.0,-1.0,1.0,17.896629,1.0,145.71193
1195,1848902979.0,3.0,2.0,115.0,0.0,45.459656,-1.0,2.0,109.086816,1.0,0.0,1.0,0.0,56.352363,4.0,50.731696,0.0,3.636584,1.0,94.700268
1388,1848902983.0,4.0,4.0,120.0,-1.0,39.517919,-1.0,2.0,-1.0,0.0,1.0,-1.0,1.0,49.841786,3.0,9.233525,0.0,74.767604,1.0,144.212785
7399,1848902988.0,3.0,2.0,141.0,3.0,18.805935,-1.0,2.0,46.696166,0.0,1.0,-1.0,1.0,28.86359,4.0,16.210349,0.0,55.883016,0.0,57.711068
1193,1848902993.0,3.0,4.0,74.0,4.0,-1.0,-1.0,4.0,13.577437,1.0,0.0,-1.0,0.0,-1.0,1.0,-1.0,0.0,12.634603,1.0,86.269837
1196,1848902996.0,4.0,2.0,74.0,0.0,-1.0,-1.0,4.0,53.268472,2.0,0.0,0.0,0.0,-1.0,-1.0,-1.0,0.0,38.111699,0.0,13.555021
1389,1848903001.0,2.0,4.0,130.0,-1.0,30.191925,-1.0,3.0,23.372989,2.0,0.0,1.0,0.0,40.641315,1.0,25.272276,0.0,0.878784,1.0,218.128276
1285,1848903005.0,2.0,2.0,108.0,1.0,52.409745,-1.0,4.0,-1.0,2.0,0.0,-1.0,0.0,62.904786,1.0,5.57891,0.0,49.060839,1.0,115.401996
1265,1848903008.0,4.0,2.0,105.0,9.0,54.578066,-1.0,2.0,26.278862,1.0,0.0,1.0,0.0,65.502537,3.0,9.95382,-1.0,13.475674,1.0,-1.0
1266,1848903013.0,3.0,2.0,132.0,9.0,28.085595,-1.0,2.0,80.016911,1.0,0.0,1.0,0.0,38.847852,2.0,72.815574,0.0,3.012168,1.0,122.662078
7400,1848903019.0,4.0,2.0,132.0,3.0,27.52961,-1.0,-1.0,47.3352,1.0,0.0,-1.0,0.0,37.999297,3.0,-1.0,0.0,90.514598,1.0,150.982631
7401,1848903024.0,2.0,4.0,130.0,3.0,29.929777,-1.0,3.0,35.483598,1.0,0.0,1.0,0.0,40.302296,3.0,10.198948,0.0,16.341739,1.0,274.065242
1267,1848903026.0,2.0,4.0,154.0,9.0,5.586191,-1.0,2.0,22.380994,1.0,0.0,1.0,0.0,16.284053,-1.0,17.474564,0.0,46.861682,1.0,79.922377
1268,1848903028.0,3.0,4.0,144.0,9.0,15.553546,-1.0,4.0,-1.0,0.0,1.0,-1.0,1.0,25.922307,3.0,64.820314,0.0,27.108419,1.0,211.05719
1169,1848903032.0,3.0,2.0,130.0,5.0,30.30234,-1.0,2.0,3.635339,2.0,0.0,1.0,0.0,40.682639,1.0,21.013223,0.0,38.492567,1.0,145.312574
1269,1848903038.0,4.0,3.0,123.0,9.0,37.145285,-1.0,4.0,24.902229,1.0,0.0,1.0,0.0,47.870615,4.0,26.687857,0.0,35.526632,1.0,132.350404
7402,1848903040.0,4.0,2.0,74.0,3.0,-1.0,-1.0,4.0,88.879382,1.0,0.0,1.0,0.0,-1.0,3.0,4.011015,1.0,33.428832,1.0,249.344801
1247,1848903044.0,2.0,2.0,137.0,6.0,22.938076,-1.0,2.0,42.83986,0.0,1.0,0.0,1.0,33.704085,4.0,41.071574,0.0,2.532715,0.0,93.420396
1270,1848903048.0,3.0,4.0,68.0,9.0,92.020073,-1.0,2.0,10.483596,2.0,0.0,1.0,0.0,102.026565,3.0,71.880278,0.0,14.942038,1.0,72.229105
1170,1848903052.0,2.0,3.0,74.0,5.0,-1.0,-1.0,3.0,91.208112,2.0,0.0,1.0,0.0,-1.0,2.0,-1.0,0.0,29.693495,1.0,-1.0
1248,1848903056.0,3.0,3.0,38.0,6.0,121.54199,-1.0,4.0,48.905369,1.0,-1.0,1.0,0.0,131.59344,3.0,43.707106,0.0,19.00109,1.0,46.790661
7403,1848903062.0,2.0,3.0,144.0,3.0,15.935675,-1.0,4.0,43.249821,1.0,0.0,1.0,0.0,26.384222,-1.0,55.443216,0.0,69.649828,1.0,28.404358
1390,1848903064.0,4.0,3.0,107.0,-1.0,52.720016,-1.0,3.0,50.91829,1.0,0.0,-1.0,0.0,63.569968,-1.0,2.67916,0.0,42.989559,1.0,138.006993
7404,1848903069.0,3.0,3.0,133.0,3.0,27.09364,-1.0,2.0,35.24746,1.0,-1.0,1.0,0.0,37.795447,4.0,48.683221,0.0,1.890766,1.0,40.853168
1233,1848903075.0,4.0,2.0,122.0,8.0,37.779267,-1.0,3.0,23.163882,1.0,0.0,1.0,0.0,48.222424,3.0,77.280757,0.0,45.579929,1.0,263.482878
1249,1848903079.0,4.0,3.0,110.0,6.0,49.832924,-1.0,4.0,11.404166,1.0,0.0,-1.0,0.0,60.276475,3.0,66.352485,1.0,42.092031,-1.0,49.000159
7405,1848903085.0,2.0,3.0,139.0,3.0,20.943028,-1.0,2.0,14.244589,2.0,0.0,1.0,0.0,31.929396,3.0,-1.0,0.0,4.365175,1.0,129.528056
1234,1848903091.0,3.0,4.0,155.0,8.0,5.101273,-1.0,2.0,45.424964,1.0,0.0,1.0,0.0,15.851844,1.0,42.618474,0.0,16.86178,1.0,36.581285
1235,1848903095.0,4.0,2.0,151.0,8.0,9.45036,-1.0,2.0,8.467082,1.0,0.0,-1.0,0.0,19.81037,-1.0,87.307554,-1.0,79.961949,1.0,209.989308
1236,1848903099.0,-1.0,2.0,130.0,8.0,29.976319,-1.0,3.0,61.027374,1.0,0.0,1.0,0.0,40.619108,4.0,38.093781,0.0,12.573506,1.0,39.780037
7406,1848903104.0,4.0,4.0,109.0,3.0,50.794503,-1.0,4.0,62.929528,1.0,0.0,0.0,0.0,61.41593,-1.0,49.702658,1.0,7.102435,0.0,42.534049
1250,1848903106.0,4.0,3.0,117.0,6.0,42.903719,-1.0,2.0,24.781654,1.0,0.0,-1.0,0.0,53.264706,4.0,38.632741,1.0,2.428265,0.0,154.688343
7407,1848903108.0,-1.0,2.0,128.0,3.0,31.680829,-1.0,2.0,-1.0,2.0,0.0,1.0,0.0,42.526012,1.0,102.357968,0.0,48.062626,1.0,90.365209
1271,1848903111.0,3.0,3.0,150.0,9.0,10.398481,-1.0,4.0,23.5209,2.0,0.0,1.0,0.0,20.535448,3.0,37.025669,0.0,2.416956,1.0,103.856987
7408,1848903116.0,2.0,2.0,129.0,3.0,31.430049,-1.0,-1.0,127.121479,1.0,0.0,1.0,0.0,41.513525,3.0,48.142462,1.0,12.634328,1.0,14.01461
7409,1848903119.0,3.0,4.0,102.0,3.0,58.361098,-1.0,2.0,24.945627,1.0,0.0,1.0,0.0,68.91721,2.0,-1.0,-1.0,6.872154,1.0,5.839241
1276,1848903123.0,3.0,2.0,74.0,7.0,-1.0,-1.0,3.0,7.560637,2.0,0.0,1.0,0.0,-1.0,2.0,46.667579,0.0,35.073503,1.0,225.599855
7410,1848903128.0,2.0,4.0,101.0,3.0,59.035931,-1.0,2.0,12.060132,0.0,1.0,1.0,1.0,69.077139,3.0,44.047092,0.0,16.837628,1.0,126.169613
7411,1848903131.0,4.0,-1.0,56.0,3.0,103.771494,-1.0,3.0,34.668951,0.0,1.0,1.0,1.0,113.912363,1.0,50.85005,0.0,34.471648,1.0,92.950209
1272,1848903134.0,2.0,2.0,108.0,9.0,52.439412,-1.0,2.0,19.843145,2.0,0.0,0.0,0.0,62.510029,1.0,64.804125,0.0,39.786937,0.0,-1.0
1197,1848903140.0,3.0,2.0,94.0,0.0,66.273986,-1.0,2.0,37.999304,1.0,0.0,1.0,0.0,76.295263,3.0,42.415003,0.0,15.21003,1.0,153.480357
7412,1848903145.0,3.0,3.0,112.0,3.0,47.51234,-1.0,-1.0,72.294177,1.0,0.0,-1.0,0.0,57.564089,3.0,105.913409,1.0,33.495925,1.0,81.390348
1391,1848903148.0,4.0,2.0,124.0,-1.0,36.449596,-1.0,2.0,14.498331,1.0,0.0,1.0,0.0,47.215079,3.0,113.572548,0.0,54.055006,1.0,43.036401
1171,1848903151.0,4.0,4.0,153.0,5.0,7.47001,-1.0,-1.0,28.331042,0.0,1.0,1.0,1.0,17.985788,3.0,87.513681,0.0,58.467557,1.0,276.759939
1172,1848903154.0,2.0,2.0,159.0,5.0,1.337173,-1.0,-1.0,78.800796,1.0,0.0,1.0,0.0,12.061504,3.0,131.508271,0.0,27.843744,1.0,152.891254
1237,1848903159.0,3.0,2.0,115.0,8.0,45.020844,-1.0,2.0,52.471351,1.0,-1.0,1.0,0.0,55.295446,2.0,106.199609,1.0,9.334609,1.0,74.364104
1286,1848903161.0,4.0,4.0,86.0,1.0,73.673716,-1.0,2.0,39.861595,2.0,-1.0,-1.0,0.0,84.191685,3.0,63.632812,0.0,24.752097,0.0,135.829876
1277,1848903167.0,3.0,3.0,135.0,7.0,24.85762,-1.0,4.0,66.711355,1.0,0.0,1.0,0.0,35.127271,-1.0,135.712841,0.0,20.479737,1.0,71.649931
1173,1848903172.0,4.0,3.0,152.0,5.0,8.467064,-1.0,2.0,1.152473,2.0,0.0,1.0,0.0,18.909131,-1.0,31.00021,0.0,15.951988,1.0,65.139773
1198,1848903178.0,3.0,3.0,144.0,0.0,16.299604,-1.0,4.0,23.464749,2.0,0.0,1.0,0.0,26.975144,3.0,68.920161,1.0,29.727343,1.0,88.039202
7413,1848903182.0,4.0,3.0,130.0,3.0,30.330463,-1.0,3.0,59.843945,1.0,0.0,-1.0,0.0,40.977002,3.0,2.728342,1.0,47.025863,1.0,-1.0
7414,1848903188.0,3.0,3.0,115.0,3.0,44.540949,-1.0,2.0,44.150031,1.0,0.0,1.0,0.0,54.604149,4.0,35.797404,0.0,13.18847,1.0,171.769603
7415,1848903193.0,2.0,3.0,109.0,3.0,51.015924,-1.0,4.0,0.700265,1.0,0.0,-1.0,0.0,61.737831,3.0,8.520992,0.0,58.091132,1.0,30.747164
1238,1848903199.0,2.0,4.0,106.0,8.0,54.171823,-1.0,-1.0,10.061233,2.0,-1.0,1.0,0.0,64.26777,-1.0,29.975159,0.0,10.612969,1.0,112.653511
7416,1848903204.0,-1.0,3.0,134.0,3.0,26.224694,-1.0,3.0,-1.0,1.0,-1.0,1.0,0.0,37.209348,3.0,14.831241,0.0,35.833913,1.0,87.967766
7417,1848903210.0,2.0,2.0,158.0,3.0,2.286303,-1.0,2.0,9.830852,0.0,1.0,1.0,1.0,13.12842,3.0,48.235922,0.0,20.08568,1.0,89.21574
1287,1848903214.0,4.0,4.0,154.0,1.0,5.751446,-1.0,-1.0,121.002264,2.0,0.0,1.0,0.0,16.031548,3.0,4.464836,0.0,22.413778,1.0,-1.0
1273,1848903216.0,3.0,2.0,158.0,9.0,1.885121,-1.0,2.0,59.923582,2.0,0.0,1.0,0.0,11.945739,2.0,110.923646,1.0,56.794714,1.0,103.352121
7418,1848903222.0,2.0,3.0,41.0,3.0,119.040312,-1.0,3.0,34.586197,1.0,0.0,-1.0,0.0,129.292087,1.0,26.505488,0.0,33.509476,0.0,29.72554
1194,1848903225.0,4.0,3.0,148.0,4.0,12.083716,-1.0,4.0,42.529136,2.0,0.0,-1.0,0.0,22.774527,-1.0,21.660258,0.0,90.328359,1.0,23.512476
1195,1848903231.0,2.0,4.0,128.0,4.0,31.939263,-1.0,3.0,102.694982,0.0,1.0,1.0,1.0,42.688268,3.0,61.919823,0.0,17.774579,1.0,83.814238
1278,1848903235.0,4.0,4.0,127.0,7.0,33.442915,-1.0,4.0,-1.0,1.0,-1.0,0.0,0.0,44.263557,3.0,9.077165,0.0,25.885792,0.0,153.919409
1199,1848903240.0,2.0,3.0,61.0,0.0,98.798618,-1.0,4.0,2.962042,1.0,0.0,1.0,0.0,109.786301,3.0,-1.0,0.0,88.182682,1.0,14.870698
1196,1848903245.0,3.0,-1.0,46.0,4.0,113.584259,-1.0,4.0,121.22571,1.0,0.0,-1.0,0.0,123.602729,2.0,108.665635,0.0,60.85781,1.0,116.700683
7419,1848903249.0,2.0,4.0,130.0,3.0,29.926461,-1.0,4.0,41.441982,1.0,0.0,-1.0,0.0,40.337992,1.0,42.015723,0.0,18.903017,1.0,181.624573
1262,1848903252.0,4.0,3.0,114.0,2.0,46.397382,-1.0,2.0,-1.0,2.0,0.0,1.0,0.0,56.705868,3.0,3.92876,0.0,2.583824,1.0,127.06021
1200,1848903255.0,3.0,2.0,132.0,0.0,28.474769,-1.0,3.0,132.919672,1.0,-1.0,-1.0,0.0,38.95702,4.0,58.266265,-1.0,18.999994,1.0,120.73047
1274,1848903260.0,3.0,4.0,115.0,9.0,44.520659,-1.0,2.0,2.69383,2.0,0.0,1.0,0.0,54.661362,2.0,72.859501,0.0,0.458847,1.0,-1.0
1251,1848903264.0,2.0,2.0,152.0,6.0,7.799299,-1.0,2.0,1.930492,1.0,0.0,0.0,0.0,18.635797,-1.0,44.815809,0.0,22.384466,0.0,221.47879
7420,1848903268.0,3.0,2.0,124.0,3.0,36.060207,-1.0,4.0,27.015317,1.0,0.0,1.0,0.0,46.096214,3.0,-1.0,0.0,74.214318,1.0,154.803489
1197,1848903273.0,3.0,3.0,134.0,4.0,26.178684,-1.0,-1.0,36.603081,1.0,0.0,-1.0,0.0,36.966386,3.0,19.613211,0.0,13.02699,1.0,206.61668
7421,1848903278.0,2.0,4.0,147.0,3.0,12.699119,-1.0,4.0,48.135367,1.0,0.0,1.0,0.0,23.196215,3.0,16.662752,1.0,10.022865,1.0,146.877836
1288,1848903282.0,4.0,3.0,115.0,1.0,44.544301,-1.0,4.0,38.166921,2.0,0.0,1.0,0.0,55.095656,3.0,42.665799,0.0,11.195292,1.0,124.236139
1392,1848903284.0,3.0,2.0,47.0,-1.0,112.655979,-1.0,2.0,66.418102,1.0,-1.0,1.0,0.0,122.692757,1.0,-1.0,1.0,19.490151,1.0,-1.0
1198,1848903290.0,-1.0,3.0,154.0,4.0,5.816349,-1.0,4.0,10.89582,0.0,1.0,1.0,1.0,16.59629,3.0,3.195129,0.0,60.11781,1.0,2.106247
1279,1848903296.0,2.0,3.0,47.0,7.0,112.620564,-1.0,3.0,12.944622,2.0,0.0,1.0,0.0,123.422503,4.0,-1.0,-1.0,19.312508,1.0,75.563257
1289,1848903300.0,3.0,3.0,70.0,1.0,90.112103,-1.0,3.0,89.205345,0.0,1.0,1.0,1.0,100.754327,2.0,27.662102,1.0,10.952252,1.0,84.159738
1280,1848903304.0,2.0,3.0,136.0,7.0,24.008608,-1.0,3.0,82.232391,1.0,0.0,1.0,0.0,34.493782,3.0,13.096544,0.0,85.948154,1.0,129.08021
1290,1848903306.0,3.0,2.0,132.0,1.0,27.739026,-1.0,4.0,-1.0,1.0,0.0,1.0,0.0,38.734999,-1.0,25.444972,0.0,69.28613,1.0,264.087444
1291,1848903310.0,4.0,2.0,137.0,1.0,23.303978,-1.0,2.0,34.539659,1.0,0.0,1.0,0.0,33.965422,-1.0,-1.0,0.0,23.978964,1.0,88.645344
1275,1848903314.0,4.0,4.0,104.0,9.0,55.79772,-1.0,4.0,-1.0,0.0,1.0,0.0,1.0,66.602603,2.0,40.957382,0.0,58.043509,0.0,11.722858
1263,1848903316.0,4.0,4.0,113.0,2.0,47.055115,-1.0,3.0,139.265907,2.0,0.0,1.0,0.0,57.267545,3.0,21.989276,0.0,2.240262,1.0,245.027761
7422,1848903319.0,4.0,4.0,153.0,3.0,6.739165,-1.0,2.0,76.406808,2.0,0.0,1.0,0.0,17.325495,3.0,2.43894,0.0,14.166868,1.0,118.736748
1276,1848903325.0,3.0,3.0,113.0,9.0,46.738056,-1.0,4.0,85.487778,1.0,0.0,1.0,0.0,57.656373,4.0,23.414207,0.0,47.628976,1.0,99.35681
1252,1848903329.0,3.0,3.0,145.0,6.0,14.903618,-1.0,3.0,33.336493,1.0,0.0,1.0,0.0,25.016145,3.0,15.376197,0.0,26.513962,1.0,109.357267
1277,1848903333.0,3.0,4.0,91.0,9.0,69.268022,-1.0,3.0,135.589474,1.0,-1.0,1.0,0.0,79.550546,2.0,76.388094,1.0,27.467221,1.0,71.473197
1201,1848903337.0,2.0,3.0,153.0,0.0,7.32409,-1.0,4.0,95.083193,2.0,0.0,1.0,0.0,18.312276,3.0,31.296676,1.0,38.321914,1.0,207.902888
1253,1848903339.0,4.0,3.0,147.0,6.0,12.811994,-1.0,4.0,26.32657,1.0,0.0,1.0,0.0,23.215586,1.0,44.37257,1.0,35.162018,1.0,115.34129
7423,1848903344.0,4.0,4.0,142.0,3.0,17.555206,-1.0,4.0,121.966775,1.0,0.0,1.0,0.0,27.562261,3.0,14.5179,0.0,37.602892,1.0,171.621709
